# ---------- Vertices (V table) ---------- 
0.000000 6.000000
0.000000 0.000000
9.000000 0.000000
9.000000 6.000000
3.969295 3.301948
4.000000 3.000000
3.969295 2.698052
3.878437 2.408466
3.731145 2.143098
3.533450 1.912811
3.293446 1.727034
3.020958 1.593372
2.727142 1.517298
2.424026 1.501925
2.124021 1.547884
1.839409 1.653293
1.581841 1.813836
1.361863 2.022941
1.188480 2.272047
1.068791 2.550955
1.007696 2.848248
1.007696 3.151752
1.068791 3.449045
1.188480 3.727953
1.361863 3.977059
1.581841 4.186164
1.839409 4.346707
2.124021 4.452116
2.424026 4.498075
2.727142 4.482702
3.020958 4.406628
3.293446 4.272966
3.533450 4.087189
3.731145 3.856902
3.878437 3.591534
7.969295 3.301948
8.000000 3.000000
7.969295 2.698052
7.878437 2.408466
7.731145 2.143098
7.533450 1.912811
7.293446 1.727034
7.020958 1.593372
6.727142 1.517298
6.424026 1.501925
6.124021 1.547884
5.839409 1.653293
5.581841 1.813836
5.361863 2.022941
5.188480 2.272047
5.068791 2.550955
5.007696 2.848248
5.007696 3.151752
5.068791 3.449045
5.188480 3.727953
5.361863 3.977059
5.581841 4.186164
5.839409 4.346707
6.124021 4.452116
6.424026 4.498075
6.727142 4.482702
7.020958 4.406628
7.293446 4.272966
7.533450 4.087189
7.731145 3.856902
7.878437 3.591534
4.500000 6.000000
0.000000 3.000000
4.500000 0.000000
9.000000 3.000000
6.750000 6.000000
2.250000 6.000000
0.000000 4.500000
0.000000 1.500000
6.750000 0.000000
2.250000 0.000000
9.000000 4.500000
9.000000 1.500000
1.125000 6.000000
1.125000 0.000000
7.875000 0.000000
7.875000 6.000000
3.375000 0.000000
5.625000 6.000000
3.375000 6.000000
5.625000 0.000000
4.494052 1.197600
4.702339 4.891139
8.074208 1.022469
8.036003 4.984353
0.917960 4.983405
0.917960 1.016595
3.937500 5.324467
3.635979 0.877766
6.145592 5.313452
6.187500 0.664253
5.337623 0.920915
1.760206 5.260794
1.760206 0.739206
7.312500 0.640232
3.077414 5.230103
2.812500 0.644924
7.312500 5.390246
5.374965 5.269755
9.000000 0.750000
9.000000 2.250000
0.000000 0.750000
0.000000 3.750000
0.000000 2.250000
9.000000 3.750000
9.000000 5.250000
0.000000 5.250000
4.487296 4.103040
0.699074 4.285777
0.699074 1.714223
8.392663 4.125000
8.392663 1.875000
4.431694 1.927822
0.562500 0.000000
8.437500 0.000000
8.437500 6.000000
0.562500 6.000000
4.057048 4.643826
2.421353 5.354592
4.765248 0.600132
3.937500 0.000000
3.919368 1.428438
4.934857 1.603017
0.482336 2.585359
0.482336 3.414641
6.725045 5.412648
4.190976 0.699749
2.812500 6.000000
3.548271 4.905283
5.062500 6.000000
4.781250 5.478429
4.975455 4.393228
6.755338 0.902248
7.312500 6.000000
1.687500 0.000000
2.812500 0.000000
1.687500 6.000000
6.187500 0.000000
7.312500 0.000000
6.187500 6.000000
5.062500 0.000000
3.937500 6.000000
8.467124 2.433716
8.550276 3.375000
1.422573 4.728572
1.453804 1.226229
7.397654 4.829991
4.514696 2.592010
4.514696 3.407990
5.424809 4.717727
8.156250 5.524000
7.514710 1.187345
8.446694 0.579042
8.478981 4.664514
0.843750 5.527899
0.843750 0.472101
2.273389 0.547368
7.922611 1.539783
7.926863 0.520536
8.489782 1.352979
0.457366 1.255233
0.457366 4.744767
7.948178 4.444213
2.200959 1.047962
5.850613 1.084148
1.406250 0.400841
1.406250 5.599159
2.991226 1.102774
5.343750 0.417531
6.598760 4.947388
2.205001 4.925654
8.465491 2.908175
0.000000 0.375000
0.000000 5.625000
9.000000 5.625000
5.889895 4.888917
3.656250 0.394059
5.360650 1.394475
2.685904 4.957807
8.506035 5.165007
3.415620 1.282600
6.883016 0.450353
1.157571 1.595705
0.726665 2.183618
0.451505 3.884841
0.476849 0.777962
0.476849 5.222038
4.945356 1.149253
1.968750 5.654485
0.000000 1.875000
3.264231 0.619909
5.800480 0.421695
4.390292 5.232014
4.218750 5.662233
3.481213 5.516485
1.324899 5.162187
6.286274 1.088592
5.906250 5.672615
7.754479 5.330304
3.936192 4.232930
8.575379 5.597443
1.142971 4.372950
7.023336 5.059697
4.846929 2.018938
7.029925 5.693901
0.603306 3.000000
6.468750 0.327890
1.345804 0.818388
3.136705 4.812366
3.093750 5.684795
4.470302 4.531065
4.615732 3.000000
7.087582 1.171161
1.831555 4.756571
7.593750 0.290874
7.593750 5.704922
1.968750 0.286201
9.000000 0.375000
6.387352 5.643248
4.267691 3.746318
4.881097 3.996270
5.161099 5.610216
2.591768 1.137714
8.633029 0.956836
0.389399 1.967934
7.720440 0.853726
9.000000 4.875000
0.407324 0.376612
0.457845 5.617826
4.115799 1.086692
9.000000 2.625000
3.678052 4.532078
5.102569 4.966895
5.762354 5.255006
2.592470 0.322462
1.822965 1.118585
3.093750 0.000000
8.287890 3.711421
4.432745 0.388409
0.000000 4.125000
0.761647 3.669066
2.531250 6.000000
2.706947 5.622739
0.000000 4.875000
0.000000 1.125000
0.000000 3.375000
0.000000 2.625000
9.000000 1.875000
9.000000 3.375000
9.000000 4.125000
9.000000 1.125000
5.536424 5.608580
4.028940 0.362660
0.978392 4.037234
8.182809 2.187287
3.893480 1.803736
4.258140 2.286791
4.557646 1.570805
0.324903 4.312500
0.806188 4.635322
0.857443 1.380760
8.215667 0.293116
0.999946 1.932046
0.350157 1.604600
8.024973 4.082078
8.678160 1.658070
8.658419 2.123902
8.637872 3.842820
8.668531 4.357526
6.252130 4.823557
4.212397 1.649731
3.022886 0.352885
7.983780 1.891234
4.624765 3.747679
4.339529 4.872278
3.901745 4.967368
5.669793 0.764708
3.304011 0.959459
7.603338 4.425396
7.758435 4.752275
8.652968 0.286173
3.811095 5.662233
2.456852 0.829450
4.781250 0.000000
5.002452 0.343940
2.086167 5.340207
2.748160 5.285901
2.303936 5.668869
5.111498 0.666434
6.126135 0.332127
4.776128 2.360733
4.307866 2.859735
7.576638 1.527937
4.693390 0.927798
6.948816 4.733430
3.868149 0.647440
6.608579 0.616798
3.604226 1.573457
5.315060 4.396329
7.197311 0.320116
0.301653 3.136960
0.258206 2.812500
5.558979 5.008106
8.277458 3.180750
1.610640 4.982471
3.335612 0.312813
5.048393 5.289550
5.250691 1.708922
0.428903 2.277695
1.107002 4.730715
3.717065 1.184293
1.139297 1.240488
7.071552 0.851265
6.779945 1.211547
3.626306 5.223124
7.502604 5.132541
4.244687 4.307757
1.142655 0.575830
3.391528 4.641608
5.343750 6.000000
7.285021 1.414097
4.130773 2.003772
8.757069 2.812500
1.142914 5.422126
1.457982 1.533072
5.906250 0.000000
8.716103 3.116701
8.249662 1.578351
0.281250 6.000000
4.218750 0.000000
4.688699 5.191918
4.781250 6.000000
4.536910 5.683288
7.871023 5.602096
0.280264 4.991030
0.280264 1.008970
4.150505 4.022707
6.436978 5.353359
6.736246 5.706378
7.018724 5.400170
5.123718 4.661292
0.735121 2.736577
0.735121 3.263423
0.227387 3.562500
0.248593 5.409429
4.360054 3.153188
8.775138 3.562500
8.718750 6.000000
7.432903 0.906656
7.832020 1.232366
8.202576 1.287582
4.365813 0.934491
5.547820 1.148035
5.752133 1.366892
8.767123 0.562500
8.339202 0.866908
1.139725 5.711242
7.643310 0.575403
1.074488 0.289735
0.843750 0.000000
8.158433 4.687236
8.250059 4.395499
8.336239 4.923208
1.707226 0.440311
8.777967 5.062500
4.738404 1.347983
3.299650 5.048570
4.713554 0.314363
6.470319 0.868334
4.242589 1.354745
4.760230 4.599032
4.735931 4.240470
5.147353 4.165361
7.349224 4.550791
8.733180 2.530424
1.640391 4.547901
1.695327 5.547241
4.904759 3.684572
7.312346 5.673409
1.588117 0.962554
8.174677 2.483898
7.031250 0.000000
6.468750 6.000000
8.156250 0.000000
7.593750 6.000000
7.593750 0.000000
3.093750 6.000000
6.468750 0.000000
7.031250 6.000000
4.218750 6.000000
2.531250 0.000000
1.968750 6.000000
3.656250 0.000000
5.343750 0.000000
1.968750 0.000000
1.406250 6.000000
1.406250 0.000000
0.843750 6.000000
8.718750 0.000000
8.156250 6.000000
5.906250 6.000000
0.281250 0.000000
3.656250 6.000000
8.772721 4.687500
6.354123 5.085119
8.735440 1.217839
1.933586 5.028169
5.720701 4.631215
4.132525 5.124600
4.797572 3.349858
4.744885 2.751510
4.230569 2.586265
4.232252 3.405081
3.048564 0.816583
7.761558 5.030567
4.534920 2.199169
0.728872 2.460128
8.334433 5.739808
8.211950 5.228368
0.202924 0.562500
1.697854 1.376356
0.230115 2.470691
4.485792 0.672054
0.772120 5.240832
0.661285 0.260977
0.772120 0.759168
0.694069 5.758555
8.728302 5.351143
0.701556 4.007343
1.989497 0.570257
2.317601 0.271295
4.903558 5.739215
7.787429 4.220914
2.774301 0.923644
7.742518 1.741411
8.207549 2.826359
8.176388 0.642109
6.066577 1.269286
5.948682 0.817738
1.977376 0.898161
4.674553 1.812774
8.294262 3.445857
2.586714 4.709856
2.868099 4.726827
2.947428 5.462413
1.389393 4.466933
2.555271 0.584144
2.048797 1.280426
3.904579 0.916339
7.951861 0.255194
0.256830 4.569790
0.525440 4.487477
0.704399 1.168216
0.193835 1.312500
0.579751 1.483922
0.686866 4.865624
8.403492 5.403228
8.649326 4.100404
5.105047 1.937173
3.515625 5.777467
8.036299 3.811536
0.189891 3.937500
5.077190 0.924623
3.986243 3.824932
8.426646 1.106178
6.541819 1.115100
2.359891 1.251653
6.092885 5.055926
5.573490 0.268793
5.364295 0.669510
7.967955 0.790020
3.141048 1.339894
3.383070 5.285384
5.571147 0.525817
8.588396 4.893615
0.939890 2.320180
6.040772 4.688641
1.089731 0.826506
3.236772 5.483903
1.017108 5.209600
2.805083 1.275569
0.617921 5.431779
1.586458 5.771806
1.529812 0.625901
1.582346 0.225309
1.511611 5.355060
8.015625 5.799622
3.754596 4.767864
7.270981 5.043410
0.500964 4.144783
5.210181 0.208765
2.206741 0.791417
3.829266 0.220148
3.625524 0.635050
1.266088 4.921131
5.089393 1.379589
5.210623 1.148691
6.772293 5.150055
6.479097 4.735291
6.141434 5.570010
2.436341 5.078000
0.222017 2.146680
2.080713 4.703215
2.344749 4.727352
4.926650 4.801187
8.425760 2.194211
5.607159 1.567569
0.597985 0.550281
1.346468 1.749968
1.338062 4.222358
3.969611 2.184299
2.947943 4.998651
3.709193 5.446680
8.536911 3.619613
8.235069 3.944863
4.390493 5.481403
4.154788 5.429514
8.531417 2.671170
6.976478 0.231544
0.939620 1.698669
0.520515 3.653255
4.879578 5.049875
0.636278 1.953423
1.224043 1.020383
6.713891 4.717776
7.070486 0.606979
6.835086 0.680795
6.723216 0.252731
0.000000 0.187500
0.230856 5.744827
8.778560 5.751889
5.562733 4.436314
7.996937 5.340920
3.690684 4.282028
8.752783 1.894567
3.472083 4.422806
4.515498 5.033365
3.380498 1.511954
3.514324 1.073936
7.185882 4.722925
9.000000 3.937500
5.335498 4.935179
6.004409 0.526350
7.555379 4.648385
7.961272 2.121293
0.250208 0.784243
0.515641 1.026510
6.835237 4.931015
3.439129 0.764662
3.035679 0.583902
0.904393 4.414044
6.916207 1.392514
4.884229 0.797937
9.000000 0.187500
8.773474 3.335912
0.229320 0.226792
7.449444 0.462590
0.917395 5.739584
4.109378 4.867989
3.515625 0.176593
7.532588 5.353631
1.828125 5.827242
2.129957 5.810489
8.695736 1.436515
4.359375 0.175677
8.493887 3.128907
6.590815 1.336319
0.000000 1.687500
0.223188 1.802100
1.889066 5.440551
5.746722 5.493988
8.078093 3.495130
1.288885 0.200421
4.078125 5.831117
4.367816 5.824088
5.103284 3.940580
3.168286 4.583978
6.387339 0.545584
5.938373 5.386521
2.259779 5.207134
8.433328 0.227344
7.160118 5.232584
5.349417 5.759658
8.455807 1.661769
6.068834 1.048124
6.289963 1.316984
6.251975 0.872911
7.304285 1.096408
5.922396 0.228162
5.554758 5.391961
4.728765 3.556412
3.450166 0.501283
9.000000 2.062500
1.303277 1.381729
6.212812 5.779825
6.328125 0.163945
0.275446 3.351637
3.291429 5.791490
0.833974 3.000000
0.527215 3.202767
0.527215 2.797233
5.697573 5.777845
2.814735 0.237825
0.961129 3.799513
1.918301 4.553226
4.580085 4.715120
4.248008 4.530029
4.530175 4.319092
4.053759 4.421572
3.881024 4.019094
1.981715 1.600589
6.914578 1.045208
8.566923 5.819438
0.505270 4.998702
4.961780 2.220959
4.925371 1.818266
6.555074 5.169965
4.733718 1.135982
2.953125 5.842397
0.248697 4.781514
5.357886 4.188862
8.778754 0.786422
8.528444 0.773570
4.790171 3.131520
4.539243 2.802436
4.564052 3.203707
8.465431 4.444135
0.209981 5.196108
4.371862 3.563041
4.104111 3.590847
4.347452 3.943173
0.428282 5.831338
4.141591 3.166933
3.348337 4.845709
7.182244 5.836766
2.671875 5.835948
4.558926 5.356573
8.443485 3.921533
7.575467 4.937789
4.014922 5.593105
6.876874 5.553937
6.890625 5.847556
0.713454 0.959585
0.868518 0.266285
3.246788 1.160068
5.946941 1.439175
0.957466 0.667657
8.783396 2.311054
4.638408 2.018140
5.836975 0.645352
8.070087 1.695164
3.913103 1.121892
5.611671 4.807573
1.626375 4.752640
4.078125 0.157401
8.187457 1.863859
4.872843 0.184194
6.581634 5.565195
4.934508 4.193268
4.661566 3.966185
0.403001 2.959506
7.734375 5.852461
7.453125 5.852461
7.683480 5.521631
5.203806 5.149769
0.472575 0.183222
2.838021 0.441508
0.687220 3.470244
2.495789 5.561475
7.948177 4.656677
3.608875 1.363864
9.000000 3.187500
8.817338 4.217133
4.233223 0.338205
7.758161 0.408817
7.762834 0.172955
7.453125 0.145437
1.139312 4.166545
9.000000 0.937500
2.465634 5.801456
8.772387 5.549139
8.819578 1.034232
2.583445 1.354614
8.318744 2.642877
5.548014 0.937028
4.989940 5.490234
5.095585 5.801007
5.219552 5.409532
7.632298 2.027954
2.147744 0.385669
1.786920 0.183593
2.138607 0.171827
7.170225 5.531750
2.405734 1.052034
1.333704 5.799579
2.648574 0.763974
0.502838 1.790549
4.705848 5.805563
1.655103 1.572854
4.375474 2.448599
4.092290 2.422528
4.355144 2.112251
0.205843 4.143561
0.000000 4.312500
2.477401 4.879989
6.609375 6.000000
6.539062 5.796295
5.981715 4.399411
3.234375 0.141179
0.401551 0.591835
3.863335 4.602246
7.858882 1.018690
2.248537 5.469099
4.591892 0.505428
4.291480 0.528253
4.105098 0.883838
4.298423 1.164323
4.043673 1.272561
4.576293 2.398240
6.231502 4.622859
1.033163 2.135899
0.289893 3.758124
5.554021 1.347042
7.499163 0.716293
4.852502 2.563477
7.600577 1.010054
2.900349 5.653767
1.150294 1.797401
7.655223 1.337722
1.333450 0.622384
2.431639 0.433084
7.882374 5.183372
7.809907 0.676245
7.469119 5.545651
1.275171 3.852506
9.000000 1.687500
3.877839 2.004762
5.890921 5.094536
7.413448 1.819922
9.000000 1.312500
8.799452 3.964681
1.264014 4.615756
8.198110 4.195273
1.521859 5.158329
0.543655 2.122635
0.737771 5.051347
2.013454 1.091260
1.787646 0.929547
1.632151 1.151031
3.576299 4.695428
0.000000 3.187500
2.874050 1.555335
0.886146 4.214789
5.553806 5.200000
0.000000 5.062500
5.443574 1.675186
8.300062 2.338919
4.799500 2.937705
0.874957 3.404768
4.444494 1.398065
0.874895 2.595122
6.690583 0.442538
0.000000 0.937500
9.000000 2.437500
1.154099 5.076156
4.557843 0.190424
8.153207 0.830258
2.214705 1.378071
4.496039 1.749797
4.742511 1.630714
7.469373 1.372281
0.946982 3.603396
0.631171 3.812304
6.021031 5.836307
7.794998 1.926067
8.004074 1.348721
3.843227 4.406435
8.308437 2.045054
8.029661 2.296554
3.811777 1.609559
3.688457 1.775726
4.014322 1.607360
0.988113 4.583630
9.000000 5.437500
3.820309 5.155861
0.000000 4.687500
5.348578 5.567340
3.984647 2.849026
0.163077 4.407335
8.774989 4.875005
0.000000 3.937500
0.000000 1.312500
0.000000 0.562500
9.000000 4.312500
9.000000 4.687500
9.000000 5.062500
9.000000 0.562500
0.000000 5.437500
0.000000 3.562500
9.000000 2.812500
0.000000 2.062500
0.000000 2.437500
0.000000 2.812500
9.000000 3.562500
0.000000 5.812500
9.000000 5.812500
5.737748 0.160939
2.620049 5.140257
1.333517 5.422976
4.104459 0.533848
3.845176 0.408994
7.137669 4.907268
8.807594 3.752161
2.602810 5.406136
1.173127 2.008460
4.869821 5.236037
4.790891 3.832052
2.111945 5.089834
3.700893 5.816090
6.416451 4.910149
0.864196 2.058799
0.812335 1.871800
3.488271 5.088514
7.833675 4.027406
7.969317 4.259486
2.671875 0.000000
0.432441 5.434080
3.672606 5.043257
0.984375 0.000000
7.103135 1.360220
4.742067 2.175447
0.886486 1.198476
1.054267 1.422941
0.757758 1.537756
4.944201 4.617160
3.157202 1.660203
1.406246 0.992518
5.391674 0.239757
6.073884 4.872154
8.065707 0.399768
8.280401 0.477109
5.786769 0.909390
5.217673 1.520927
2.991913 0.163107
6.302257 5.479488
1.557371 4.375731
5.519634 5.842648
0.860912 4.809736
0.632142 4.691209
0.727876 4.468135
7.246160 0.918543
0.405063 1.430316
0.162697 1.593750
4.358441 4.683860
8.578125 0.000000
8.569015 1.953034
8.581836 2.290580
1.865094 1.298280
4.250746 1.845002
4.310799 5.059782
0.911605 5.358497
4.638898 4.464243
8.240643 1.105515
7.769651 4.546719
7.879016 4.890085
8.188326 3.014242
7.984647 3.150974
8.843942 4.406250
8.628343 4.544725
8.509572 4.266206
8.839112 0.281250
3.635551 5.613357
3.896447 5.822827
7.138333 0.147581
3.193178 0.441549
4.148673 2.756079
4.071012 1.833901
3.943721 4.788472
6.609375 0.000000
8.829026 1.558563
7.157202 4.339797
7.160324 4.535105
8.296875 0.000000
8.504584 0.400739
5.471852 1.918389
2.797743 5.101285
4.446069 3.788630
4.551278 3.583814
7.339786 5.211404
6.561502 0.173569
0.353843 4.038100
1.982860 4.854694
4.869517 0.981473
4.899909 3.506311
3.632298 2.027954
1.845904 1.475327
8.153157 3.325627
3.119386 5.054687
2.874050 4.444665
3.632298 3.972046
4.375117 1.566940
6.575584 4.490389
8.142616 2.661573
2.813110 1.097558
8.325331 4.563355
2.274024 4.475095
4.938936 0.630344
4.917206 1.327060
5.722798 4.943962
6.867479 5.302729
0.606909 2.322838
1.429537 5.001381
1.232821 0.367826
6.088884 0.153512
1.104212 3.908610
4.181235 2.989793
4.846879 0.437805
5.173384 0.379420
5.897359 4.567280
4.955225 2.405433
6.358112 0.725825
1.086594 4.909428
1.011086 5.588336
1.943632 5.216580
8.837548 2.139587
3.457808 1.668402
4.304923 4.121474
5.257999 4.776283
7.393060 1.567770
7.751171 1.488702
7.428095 4.390445
7.611273 4.247432
2.477298 0.177285
8.033404 4.808882
5.275171 2.147494
0.217141 1.974371
3.143506 1.022142
4.801498 4.401826
3.312088 4.488131
8.328527 5.563222
0.497354 4.317262
5.088942 1.766304
2.958033 1.386248
0.181384 2.646755
8.110703 2.024503
6.297474 0.332520
6.219666 0.490821
3.269667 0.791377
1.592987 0.788335
3.413448 4.180078
4.094348 1.450233
5.055028 0.505845
5.239298 0.552875
5.236496 0.783069
7.058869 0.430376
7.277853 0.471917
5.144527 4.474749
5.297098 4.581900
0.685484 1.343208
2.771971 5.459755
4.680238 2.537958
3.870487 5.502292
4.370505 2.694371
4.452871 2.949465
7.561360 1.710994
5.042804 0.178749
8.859375 0.000000
0.140625 6.000000
8.859375 6.000000
5.684392 1.045833
6.372667 5.852848
5.379114 1.093343
5.406522 5.096417
0.173062 0.391260
2.348731 0.699068
2.556496 0.969495
8.142842 1.446452
0.287464 5.579652
5.998576 5.226889
4.702383 5.632508
2.138684 5.607129
0.627407 5.601829
2.300272 5.838230
4.720139 0.761952
4.585576 1.056681
8.393499 3.306481
3.983546 0.768724
6.996802 4.572659
5.484375 0.000000
3.342522 5.623761
2.918873 5.293914
8.064154 1.190972
5.266915 1.879867
0.984375 6.000000
8.050481 5.181558
0.850257 3.927051
2.986201 4.588174
2.643198 0.163946
0.139353 3.093750
8.356813 3.034348
7.909586 1.741545
3.498632 0.342777
8.338605 5.102062
4.562818 0.821659
8.401508 1.499531
8.297183 1.738235
5.896465 1.276561
8.563106 1.535652
8.573688 5.425769
5.853220 5.840727
8.837607 1.349332
8.566640 1.201841
0.927939 1.532113
1.932012 0.732308
5.700759 1.210056
2.316007 0.914266
1.043915 5.845864
4.549605 5.520044
3.562266 5.374012
5.038235 5.121969
3.774216 1.024699
3.741198 0.751650
8.099589 0.164066
7.761747 4.382900
1.782792 4.929854
1.738563 5.093076
8.598429 3.003266
4.507022 4.865969
8.177849 5.067516
0.922839 0.830979
3.793106 4.155810
5.499464 0.773526
8.186232 5.829425
5.038244 2.699601
0.163092 2.310259
5.033908 3.789400
6.841088 0.137438
8.174059 4.894553
8.833004 1.739233
6.445152 1.252546
0.140625 0.000000
7.422731 4.989177
4.843346 1.470327
5.101933 2.113657
5.884504 4.727887
7.363505 1.248302
8.322854 4.734385
8.070965 4.550445
5.454924 4.317046
6.624264 0.789186
6.533293 0.474944
7.680681 1.158289
8.609707 0.624978
3.209705 1.496993
0.135734 5.524750
0.146507 3.254828
6.906144 0.831469
7.071380 1.011623
7.177058 0.728659
7.631514 5.227636
5.689694 5.107645
7.157202 1.660203
8.029620 3.649690
0.147364 2.931397
0.387673 2.716101
4.548481 5.845143
4.379786 5.643205
7.413448 4.180078
3.923866 3.446741
3.752537 1.451852
0.768034 0.141337
3.459965 0.923375
5.203125 6.000000
6.838852 4.613062
1.208400 0.720635
4.091179 4.267294
4.384298 4.392330
1.236203 5.567730
1.238782 5.295570
7.373243 0.303108
3.854344 1.276430
2.673784 0.467506
3.667714 0.232445
0.996650 0.514031
0.557776 1.641369
8.496245 3.772444
1.510356 4.860151
0.302919 1.179491
3.136318 5.842397
3.740771 0.527289
4.714668 0.153179
4.505910 3.935552
1.296135 1.224210
1.027881 1.129281
7.295854 0.164828
8.623236 1.805422
3.973407 5.110166
5.457355 4.559173
2.199537 1.214072
0.485954 2.426259
0.385785 2.125795
8.090579 4.366936
0.599083 5.124117
3.761651 5.300086
1.277078 1.890802
4.079532 3.436814
1.880519 0.435431
1.797830 0.578394
3.219361 5.317905
4.202520 2.141653
6.701868 1.062130
6.934797 1.199227
6.743988 1.362772
2.083779 0.694923
1.806485 5.666014
4.199109 4.728852
8.453654 4.817288
5.428049 1.251367
8.033329 5.634970
5.176818 4.320337
5.976557 0.373638
6.212888 5.165522
1.073854 0.980967
7.890138 3.877374
8.657867 0.445892
5.767170 4.483585
6.108009 0.803106
0.621348 5.277161
8.363984 5.254167
3.096441 5.414710
0.158720 1.111884
4.294363 5.356786
8.332499 0.700403
8.483398 0.920752
8.824374 2.976423
8.610970 3.231586
8.181642 5.675691
8.607792 2.849707
8.878535 2.718750
1.456700 1.379640
1.533429 1.667491
1.302188 1.537584
0.368594 3.625180
3.259649 4.720321
5.109462 4.813839
4.104293 2.262522
7.632298 3.972046
8.789062 0.136289
8.352933 4.276894
4.163334 5.275620
7.923866 2.553259
4.921875 6.000000
1.255265 4.768510
3.567950 1.216829
7.159177 1.504983
5.469849 4.863293
# ---------- Faces (F table) ---------- 
443 589 1131
27 507 609
47 511 760
169 846 974
117 445 773
240 752 753
46 47 511
262 445 774
302 675 1074
192 500 501
227 485 687
161 435 694
194 572 573
329 598 1146
160 648 1088
18 19 480
128 605 1069
210 347 603
113 456 854
428 750 1107
381 487 1119
412 536 1102
122 611 613
417 633 634
152 704 967
446 901 990
321 611 613
299 544 816
48 463 997
379 652 861
271 510 860
156 353 730
46 358 511
93 553 1076
501 976 1122
49 619 924
350 630 968
350 920 968
411 1029 1030
280 492 882
225 580 663
319 477 827
58 481 923
536 1053 1102
180 472 843
242 465 519
151 378 548
331 1031 1139
220 338 668
218 896 1029
170 577 917
230 362 737
332 588 1009
263 455 456
230 475 737
195 418 952
136 663 1124
517 966 1108
500 912 1047
262 445 773
86 721 764
54 55 580
215 612 866
259 549 783
259 510 782
631 874 1153
450 514 850
206 555 787
329 703 1144
265 838 963
371 638 827
84 407 464
257 814 815
207 502 914
409 472 1126
317 855 1062
325 933 1159
173 495 922
175 505 709
447 508 709
168 698 1020
211 532 766
137 1054 1115
123 673 818
213 448 516
227 485 908
75 435 937
544 886 992
207 502 552
238 575 594
222 558 875
190 551 647
245 672 763
245 608 1000
108 506 1039
148 351 518
369 479 794
153 414 595
225 664 821
348 601 1147
113 494 945
346 421 765
283 548 868
366 747 1106
354 780 996
164 1009 1012
6 416 705
208 445 653
533 560 978
163 454 844
80 454 1027
352 535 617
191 349 831
204 613 781
323 581 943
290 717 985
356 427 1008
569 659 678
181 498 596
8 515 741
185 675 1158
127 620 774
192 500 912
210 605 665
21 347 603
210 604 665
130 343 662
144 599 778
282 952 1076
131 720 991
199 517 1023
213 371 638
492 715 882
337 702 984
311 669 692
198 520 1071
337 984 1022
87 375 509
237 526 1024
137 531 1061
95 582 951
207 586 914
138 389 667
452 751 862
160 429 512
564 1006 1087
444 1018 1118
200 813 1083
330 593 811
211 582 1055
223 504 599
173 474 478
319 789 1108
308 870 1004
440 870 1004
327 379 522
206 450 514
149 499 1091
187 837 1146
265 836 837
167 674 868
284 674 869
216 630 968
350 637 920
216 628 630
414 595 898
180 843 1049
238 742 983
81 404 491
155 461 944
39 693 779
355 780 996
367 1042 1051
366 631 909
618 750 1107
200 490 813
384 841 953
430 651 1034
161 435 735
354 733 934
332 655 981
163 475 737
360 771 867
114 527 826
268 459 1089
113 555 757
166 460 618
62 378 935
167 868 1028
287 700 980
452 772 1103
44 45 590
201 373 591
434 1111 1112
141 487 566
302 542 930
172 476 649
443 654 846
96 474 1036
274 481 724
274 503 724
26 27 609
175 507 896
176 440 688
147 379 861
232 512 714
191 1107 1132
233 534 636
205 461 944
184 369 479
130 502 621
274 472 843
310 713 879
358 511 727
358 1011 1019
183 448 516
213 516 902
205 535 617
184 432 1013
10 542 930
302 784 1074
304 523 878
186 530 531
267 732 819
114 701 1089
267 725 825
188 421 480
263 494 945
232 429 512
232 424 714
486 831 1132
293 467 557
96 501 976
193 574 985
292 717 985
229 527 749
313 506 1105
282 941 952
195 596 879
330 593 918
294 593 918
413 563 864
279 563 864
197 520 641
337 1022 1071
286 823 876
90 428 484
149 380 450
318 571 1117
318 470 571
256 587 851
94 983 1126
151 548 643
365 909 1052
321 931 1080
278 664 1096
155 423 461
24 682 919
207 493 586
320 893 1046
152 704 723
208 463 620
203 736 1064
605 665 1069
210 346 603
301 582 1055
150 425 1144
91 457 836
183 447 448
29 447 448
100 516 902
449 731 964
136 839 942
215 611 858
296 920 968
216 628 762
42 43 556
318 556 1116
309 1029 1030
218 507 609
163 441 475
389 666 667
368 1111 1112
368 489 695
94 504 849
130 502 914
204 341 1080
341 468 614
377 580 663
278 664 821
226 587 691
13 471 687
227 438 980
360 469 1138
229 573 701
229 940 1105
354 716 1056
230 362 728
158 408 479
178 534 809
86 356 989
374 764 905
327 804 1143
147 379 522
280 789 832
323 638 754
279 858 1032
311 820 1024
238 594 758
103 669 692
276 607 848
212 488 953
384 752 753
101 671 1086
140 607 848
63 437 936
293 911 956
244 466 707
263 707 895
347 672 763
245 777 1000
292 673 684
214 623 731
247 640 684
123 673 717
111 349 632
458 1092 1135
129 601 604
128 346 421
67 755 1003
271 539 860
77 744 1015
351 518 817
69 676 1139
366 909 1052
272 518 817
255 683 686
104 359 626
238 742 1065
256 575 606
257 659 678
243 569 678
433 777 1000
24 739 919
332 655 1010
116 660 1010
261 704 705
326 863 881
261 706 1114
261 420 706
126 784 786
275 374 905
166 455 456
263 455 793
264 555 787
460 852 853
165 459 963
165 457 963
285 585 888
267 725 819
187 513 732
165 856 1092
269 828 829
269 465 519
116 860 1100
271 652 861
254 545 745
273 462 677
254 677 745
59 503 724
174 503 824
326 515 741
126 784 1074
276 713 879
276 607 671
40 693 779
277 655 660
224 341 635
153 417 633
215 612 1081
87 610 1032
280 789 1101
280 492 832
281 654 846
182 500 501
418 941 952
185 476 649
284 419 643
283 548 935
320 419 1064
537 736 999
157 845 888
198 520 521
286 644 877
161 496 979
438 700 980
124 718 921
243 427 718
372 661 921
68 770 1095
218 507 896
123 505 812
449 964 995
292 673 717
247 673 684
246 640 684
467 557 897
293 557 911
392 883 894
95 582 925
295 619 924
415 729 965
416 704 967
156 353 592
297 733 934
131 356 427
427 988 1008
299 544 992
300 814 991
300 815 1094
373 925 1054
301 582 925
302 785 930
302 784 785
55 377 580
56 625 1053
219 390 681
219 561 1084
250 348 601
128 421 1104
103 669 977
307 657 913
242 446 576
446 576 901
97 928 1030
149 450 746
82 564 713
181 815 1094
226 690 692
311 690 820
127 620 946
463 620 946
313 506 1039
90 484 769
149 499 1157
234 453 720
234 453 656
212 488 734
212 482 528
530 531 1061
317 530 1063
318 470 1115
373 1054 1115
133 492 832
92 789 1108
493 586 893
320 419 643
341 635 931
341 931 1080
170 368 489
363 917 1088
30 581 943
323 540 943
256 606 851
83 606 851
217 834 1116
260 786 881
117 706 863
148 990 1140
331 570 1031
159 562 927
361 927 1082
425 703 1144
15 615 900
196 593 811
85 330 811
331 570 1140
148 351 559
655 660 1010
162 780 981
121 333 636
333 534 636
334 569 659
125 334 659
335 526 820
526 820 1024
336 436 1156
135 436 984
336 436 702
203 338 668
155 423 537
166 455 624
166 339 618
106 550 767
165 457 551
224 633 634
224 341 468
223 711 975
223 504 849
70 343 646
70 393 646
209 383 639
130 343 645
154 932 962
345 932 962
421 480 765
19 480 765
245 608 776
129 347 672
189 433 777
191 339 632
191 349 632
153 350 630
4 1073 1110
253 351 559
353 592 855
317 1061 1062
230 716 730
354 716 996
164 355 469
88 771 867
374 721 722
131 814 991
169 443 846
357 689 974
45 442 590
45 442 650
157 845 1137
359 626 1057
441 475 771
360 771 1137
171 699 1082
78 400 699
99 561 728
219 681 1084
364 648 1075
429 648 1075
118 406 670
184 1007 1133
365 674 938
269 747 829
366 631 1153
158 1051 1121
408 479 794
221 694 1111
170 488 734
423 1007 1133
86 370 622
370 912 1047
371 477 827
100 995 1134
68 334 569
68 569 770
373 470 1115
201 373 470
234 721 722
374 721 764
345 509 839
375 509 839
376 612 866
112 376 612
377 663 1124
136 839 961
378 544 886
235 379 768
380 450 850
25 514 850
171 381 487
97 490 748
153 633 892
53 54 382
209 383 697
102 383 697
212 528 841
212 841 953
176 522 1142
176 522 688
74 532 1041
387 710 711
266 844 845
266 844 1027
220 666 667
81 389 666
219 679 680
143 390 681
214 449 731
84 464 602
74 883 894
142 392 600
209 639 646
138 639 667
198 521 644
66 336 1070
239 607 1086
239 735 937
71 396 567
71 246 987
310 564 713
82 397 564
145 288 661
145 398 495
221 694 696
139 489 695
171 487 699
141 396 566
79 363 577
79 401 577
159 431 562
361 562 927
558 875 1152
285 875 1152
491 1123 1141
120 352 617
202 575 606
504 599 778
406 560 1045
407 464 823
464 823 876
273 872 873
76 798 872
274 409 472
274 503 824
228 410 1016
228 469 1138
290 574 985
411 928 1030
56 57 536
412 536 1130
197 1136 1154
521 1136 1154
52 414 628
52 53 414
51 415 1038
296 880 967
6 792 880
350 417 637
153 350 417
172 418 941
101 438 700
284 548 643
89 419 869
416 704 705
117 420 706
421 915 1104
188 421 915
422 1037 1141
404 491 1037
203 537 736
423 537 999
106 424 550
452 862 900
240 751 862
306 948 1069
251 806 948
243 678 719
124 427 718
328 484 865
428 484 865
363 648 1088
160 429 648
482 651 1034
212 482 1079
402 431 562
121 402 431
184 369 432
110 369 432
113 433 494
189 433 494
444 496 1118
98 488 953
435 694 696
75 435 696
436 702 984
311 690 692
64 828 1151
437 828 829
101 418 438
172 418 438
297 775 933
162 780 934
36 440 870
36 37 440
454 844 1027
441 845 1137
442 650 1011
169 589 1011
201 589 591
169 443 589
287 698 1020
168 444 496
117 420 653
117 445 653
148 446 990
242 642 1090
28 447 508
28 29 447
213 581 1148
100 1113 1134
199 477 483
206 746 787
206 450 746
435 735 937
607 671 1086
227 471 687
13 471 772
453 656 1025
93 453 1025
219 362 679
80 454 680
72 455 790
264 853 854
166 460 853
457 551 647
190 430 647
268 459 856
73 572 857
268 701 1089
165 459 856
264 852 853
90 460 852
184 461 1013
205 461 1013
115 874 1153
272 642 1090
208 653 835
214 602 994
464 602 994
64 828 1128
242 576 1067
107 466 726
189 466 726
96 474 958
182 501 1122
33 468 614
33 34 468
228 469 1016
164 469 1016
201 442 590
201 590 1044
471 772 1103
168 698 1103
238 575 583
180 472 742
398 495 842
293 957 958
173 474 957
88 475 771
230 353 730
12 485 947
172 485 908
449 995 1134
477 483 1113
173 473 478
196 473 478
184 367 479
367 1051 1121
480 725 825
18 480 725
58 712 923
91 836 1098
91 1098 1127
199 464 994
483 1113 1134
499 769 926
328 813 1083
12 756 947
159 486 986
233 486 986
141 400 487
400 487 699
170 368 488
98 1018 1112
401 489 577
139 401 489
97 381 490
171 381 490
220 338 666
491 1037 1141
133 492 754
236 492 754
151 544 816
151 378 544
466 707 895
263 494 895
173 495 842
289 661 970
434 1018 1118
168 496 1020
397 564 1087
125 397 497
181 498 1094
93 498 1026
200 499 916
200 490 748
127 847 946
127 500 847
192 467 501
96 467 501
174 409 621
174 502 621
174 502 552
174 503 529
202 504 778
94 504 583
123 505 584
175 505 584
268 573 701
175 507 508
175 508 709
28 508 910
237 509 1149
87 335 526
147 510 761
259 510 761
182 500 847
182 511 760
160 430 512
190 430 512
16 703 1145
16 17 513
24 514 682
24 25 514
6 7 705
7 8 515
183 516 890
183 505 812
92 521 644
199 464 876
242 446 518
148 446 518
242 519 642
115 519 642
413 864 1154
520 521 1136
286 644 966
92 644 966
147 385 688
147 522 688
386 523 878
186 530 959
459 838 963
598 837 1146
107 348 726
348 726 1147
87 509 526
237 509 526
188 527 825
188 480 825
528 841 1097
316 528 1097
60 529 906
299 992 1078
99 561 960
99 530 960
301 925 1054
186 532 766
523 532 1041
186 523 532
232 560 978
177 533 978
534 982 1059
233 534 982
205 535 685
179 535 685
303 961 962
303 625 1053
338 491 1123
203 338 537
32 538 1035
204 341 614
270 1043 1100
252 740 1043
32 538 954
236 538 540
87 335 541
197 335 541
11 840 1058
476 947 1058
315 656 1025
315 675 1158
207 552 816
299 552 816
109 808 817
109 545 817
237 546 932
307 546 1160
443 547 654
196 547 654
378 548 935
284 548 868
38 549 783
38 39 549
190 512 714
190 340 550
340 1092 1135
190 340 551
174 529 552
299 529 552
498 553 596
93 498 553
195 418 554
101 418 554
258 682 757
206 514 682
42 1066 1159
42 556 834
298 557 897
124 427 988
2 558 971
253 559 676
406 560 670
232 560 670
219 362 561
362 561 728
402 998 1021
122 715 882
611 858 1120
181 1006 1087
310 564 1006
102 383 738
102 565 738
487 566 1119
193 566 1119
396 566 567
193 566 567
270 568 884
588 1009 1012
243 372 770
243 569 770
308 901 990
176 440 1004
43 571 1117
43 44 571
268 573 857
572 573 857
194 573 940
194 805 940
97 381 574
290 822 928
202 504 583
202 575 583
65 576 1067
35 65 576
170 489 577
363 577 917
66 394 579
146 394 578
394 578 579
198 578 579
225 580 1040
54 580 1040
30 581 1001
30 903 1001
582 950 951
211 582 950
472 742 983
238 583 983
290 584 822
175 584 822
119 585 887
102 586 893
102 344 586
226 436 691
256 594 791
164 568 1012
539 1043 1100
201 442 589
442 589 1011
44 571 1044
44 590 1044
589 591 1131
95 591 1131
325 775 933
325 775 1050
196 547 1125
196 593 1125
256 575 594
103 594 791
382 595 898
278 595 821
195 553 596
310 596 879
271 652 929
252 539 597
316 598 837
150 841 1097
223 599 975
387 711 975
294 950 951
142 330 918
305 1003 1060
305 601 604
84 602 1093
214 602 1093
20 346 603
20 21 603
210 347 604
129 347 604
128 346 605
210 346 605
144 405 778
405 778 1014
140 830 1002
22 23 776
23 608 776
218 380 609
26 380 609
375 839 942
87 375 610
279 858 1120
122 611 1120
321 931 1081
112 635 931
236 492 715
236 715 781
33 614 904
14 452 900
14 615 900
317 530 1061
217 616 1062
120 422 617
205 422 617
460 618 750
191 339 618
49 619 1048
49 939 1048
208 445 620
445 620 774
130 342 621
342 409 621
298 988 1008
192 467 897
84 391 1093
132 391 623
166 339 624
248 339 624
55 377 625
55 56 625
228 626 686
626 627 1057
228 626 627
51 52 762
52 628 762
152 415 629
216 415 629
414 628 630
153 414 630
273 631 874
158 408 873
248 339 759
278 891 892
224 635 891
224 468 634
34 468 634
278 891 1096
635 891 1096
233 431 636
121 431 636
4 637 1110
4 5 637
323 581 1148
133 638 754
138 393 639
393 639 646
132 623 640
132 246 640
197 335 641
135 335 641
272 462 642
115 462 642
320 643 1046
151 643 1046
198 578 644
578 644 877
344 586 914
209 344 645
343 645 646
209 645 646
91 1034 1127
91 457 647
79 363 833
282 543 649
185 543 649
45 46 650
46 358 650
160 430 651
322 917 1088
105 597 929
105 652 929
295 723 835
420 723 835
281 478 654
196 478 654
162 439 1005
162 655 1005
126 786 955
315 656 1085
307 657 1160
154 657 1160
149 380 658
218 380 658
257 497 659
125 497 659
277 549 949
277 660 949
495 922 970
289 922 970
94 342 849
130 342 662
376 866 942
225 376 663
225 376 664
112 376 664
305 604 665
306 665 1068
338 491 666
81 491 666
383 639 667
220 383 667
565 668 738
203 565 668
237 546 669
546 669 977
118 429 670
232 429 670
276 554 671
101 554 671
245 525 672
129 525 672
247 731 964
247 673 818
284 419 869
284 674 868
302 542 675
185 542 675
331 559 676
331 676 1139
273 677 872
300 814 815
257 678 814
454 679 680
163 454 679
219 390 680
80 390 680
304 1084 1099
143 386 878
206 555 757
206 682 757
626 683 686
104 626 683
246 684 987
292 684 987
179 685 788
255 410 686
228 410 686
12 485 687
12 13 687
440 688 907
385 688 907
96 689 1036
281 689 1036
226 436 690
135 436 690
134 691 1077
103 692 791
226 692 791
277 549 779
39 549 779
161 434 694
434 694 1111
139 399 695
221 399 695
221 399 696
75 399 696
209 344 697
102 344 697
227 471 698
471 698 1103
78 998 1021
361 699 1082
287 451 700
101 451 700
114 527 701
229 527 701
336 702 1070
337 702 1070
15 16 703
329 703 1145
261 420 704
420 704 723
7 705 1150
261 705 1150
326 706 1114
326 706 863
244 707 708
72 708 793
72 455 793
183 447 709
183 505 709
70 343 711
70 710 711
223 662 711
343 662 711
57 536 1130
57 712 923
140 241 848
82 241 713
190 550 714
424 550 714
613 715 781
122 613 715
230 475 716
88 475 716
290 584 717
123 584 717
243 372 718
372 718 921
243 427 719
131 427 719
131 356 720
234 356 720
234 356 721
86 356 721
656 722 1085
234 656 722
420 653 835
295 723 965
58 481 724
58 59 724
17 18 819
18 725 819
525 726 1147
189 525 726
182 511 727
357 976 1122
230 353 728
99 353 728
295 729 965
49 50 924
716 730 1056
156 730 1056
623 640 731
247 640 731
267 524 732
187 524 732
297 733 775
156 733 775
212 734 1079
322 734 1079
101 451 1086
161 735 979
419 736 1064
89 419 736
362 679 737
163 679 737
220 668 738
220 383 738
23 608 919
23 739 919
270 884 1043
77 884 1015
260 784 785
180 742 913
180 913 1049
40 439 969
40 743 969
255 410 1015
255 744 1015
462 677 745
272 462 745
149 746 1157
314 746 1157
269 519 747
115 519 747
200 748 916
309 748 916
188 527 749
313 915 1104
90 460 750
90 428 750
240 444 751
168 444 751
444 752 1018
240 444 752
425 862 900
150 425 753
323 540 754
236 540 754
755 1003 1060
305 601 1060
11 947 1058
11 756 947
113 433 757
258 608 1000
103 594 758
307 546 977
339 632 759
111 632 759
312 946 997
147 385 761
259 761 783
216 415 762
51 415 762
21 347 763
21 22 763
86 370 764
262 370 764
19 20 765
20 346 765
186 531 766
301 531 766
340 550 767
249 796 1135
379 652 768
105 652 768
200 499 769
328 484 1083
372 661 1095
372 770 1095
441 771 1137
360 469 867
13 14 772
14 452 772
275 863 881
262 764 905
262 370 774
127 500 1047
156 592 1050
156 775 1050
245 763 776
22 763 776
189 525 777
245 525 777
202 606 1014
202 778 1014
40 439 779
277 655 1005
162 655 981
354 780 934
236 538 781
204 538 781
660 782 949
116 660 782
385 761 783
38 783 1155
275 786 881
260 784 786
260 741 785
9 785 899
275 374 955
275 786 955
314 746 787
264 787 852
432 685 788
110 432 788
92 521 1154
92 789 1101
455 624 790
248 624 790
256 587 791
226 587 791
5 637 920
5 792 920
707 708 793
263 707 793
231 794 799
231 369 794
107 466 795
244 466 795
458 796 1135
73 458 796
232 424 978
106 424 797
677 798 872
254 677 798
408 794 799
76 408 799
110 369 800
231 369 800
104 359 801
222 359 801
111 349 802
349 802 1059
250 348 803
107 348 803
327 1139 1142
235 804 1143
506 805 940
108 506 805
313 426 1039
426 806 948
306 665 1069
67 1003 1068
351 808 817
253 351 808
0 809 972
352 535 973
179 535 810
196 473 811
85 473 811
183 812 890
291 812 890
171 490 813
328 927 1082
678 719 814
131 719 814
181 497 815
257 497 815
151 493 816
207 493 816
545 745 817
272 745 817
123 812 818
291 812 818
732 819 1109
17 819 1109
135 690 820
135 335 820
382 595 821
225 821 1040
411 822 928
175 822 896
146 578 877
146 407 877
174 409 824
274 409 824
527 825 826
267 825 826
114 524 826
267 524 826
133 638 827
319 789 832
269 465 1128
269 828 1128
747 829 1106
167 829 1106
239 937 1002
75 395 937
233 486 831
349 982 1059
319 827 832
133 827 832
363 648 833
364 648 833
556 834 1116
325 834 1050
208 619 835
295 619 835
316 836 1098
316 836 837
187 837 1017
265 837 1017
187 524 1017
114 524 838
375 866 942
345 839 961
10 542 1058
10 840 1058
384 753 841
150 753 841
85 473 993
173 473 842
481 843 1049
274 481 843
441 844 845
163 441 844
266 585 845
585 845 888
689 846 974
281 689 846
182 760 847
312 760 847
241 713 848
276 713 848
342 662 849
223 662 849
25 26 850
26 380 850
83 324 851
324 587 851
314 787 852
90 769 926
166 456 853
456 853 854
113 555 854
264 555 854
99 530 1063
99 353 855
73 458 857
458 856 1092
458 856 857
268 856 857
215 610 858
610 858 1032
285 585 859
119 585 859
510 782 860
116 782 860
147 510 861
271 510 861
425 753 862
240 753 862
275 773 863
117 773 863
279 541 864
197 541 864
159 486 865
428 486 865
375 610 866
215 610 866
355 469 867
88 716 996
437 829 1028
167 829 1028
674 869 938
89 869 938
36 870 871
308 870 871
35 576 901
76 408 872
408 872 873
158 631 873
273 631 873
115 462 874
273 462 874
222 359 875
285 888 1129
199 517 876
286 517 876
407 823 877
286 823 877
304 878 1099
681 1084 1099
195 554 879
276 554 879
6 416 880
416 880 967
326 741 881
260 741 881
122 563 882
280 563 882
211 600 894
392 600 894
77 740 884
740 884 1043
62 378 885
61 886 992
61 885 886
378 885 886
266 585 887
80 388 1027
359 1057 1129
157 627 1057
312 760 997
47 760 889
291 890 995
291 964 995
224 633 891
633 891 892
153 595 892
278 595 892
320 565 893
102 565 893
74 532 894
211 532 894
189 466 895
189 494 895
411 822 896
411 896 1029
192 622 897
298 622 897
53 414 898
53 382 898
741 785 899
8 741 899
15 703 900
425 703 900
35 871 901
308 871 901
213 371 902
100 902 1113
448 903 1001
29 448 903
32 904 1035
614 904 1035
262 773 905
275 773 905
503 529 906
59 503 906
37 440 907
385 783 1155
227 438 908
172 438 908
158 631 909
365 1042 1051
507 508 910
27 507 910
124 557 911
289 661 921
370 622 912
192 622 912
742 913 1065
307 913 1065
344 645 914
130 645 914
313 749 915
188 749 915
499 916 1091
309 916 1091
170 734 917
322 734 917
142 600 918
294 600 918
258 682 919
258 608 919
792 880 920
296 880 920
911 921 956
124 911 921
474 957 958
289 921 956
481 923 1049
412 923 1049
50 729 924
295 729 924
373 591 925
95 591 925
90 852 926
314 852 926
159 865 927
328 865 927
290 574 928
97 574 928
271 539 929
539 597 929
9 785 930
9 10 930
112 612 931
612 931 1081
345 509 1149
345 961 962
743 933 969
41 743 933
162 439 934
297 439 934
283 935 936
283 868 1028
63 936 1072
395 830 1002
395 937 1002
365 938 1042
89 938 1042
463 939 1048
48 463 939
229 573 940
506 940 1105
282 649 941
172 649 941
376 663 942
136 663 942
30 31 943
31 540 943
205 422 944
155 1123 1141
113 456 945
263 456 945
312 847 946
463 946 997
172 485 947
172 476 947
306 807 948
251 807 948
259 782 949
259 549 949
294 600 950
211 600 950
95 547 951
294 547 951
195 553 952
553 952 1076
98 752 953
384 752 953
538 540 954
31 540 954
126 722 955
374 722 955
289 922 956
293 956 957
922 956 957
173 922 957
96 467 958
293 467 958
186 523 959
304 523 959
530 959 960
304 959 960
136 961 1124
303 961 1124
303 962 1102
154 962 1102
457 836 963
265 836 963
247 818 964
291 818 964
152 415 965
152 723 965
286 517 966
92 966 1108
152 629 967
296 629 967
296 629 968
216 629 968
297 933 969
297 439 969
145 661 970
145 495 970
558 971 1152
403 971 1152
534 809 972
333 534 972
535 810 973
3 810 973
169 974 1019
357 974 1019
144 387 975
144 599 975
96 689 976
357 689 976
307 758 977
103 758 977
424 797 978
177 797 978
451 735 979
287 451 979
227 698 980
287 698 980
355 780 981
332 981 1009
349 831 982
233 831 982
472 983 1126
94 583 983
135 641 1022
135 984 1022
292 567 985
193 567 985
159 431 986
233 431 986
71 567 987
292 567 987
124 557 988
298 557 988
298 622 989
86 622 989
308 570 990
570 990 1140
453 720 991
300 991 1026
60 61 1078
61 992 1078
473 842 993
398 842 993
214 483 994
199 483 994
516 890 995
100 516 995
88 867 996
355 867 996
760 889 997
48 889 997
361 699 1021
78 699 1021
89 736 999
423 1007 1033
258 757 1000
433 757 1000
213 581 1001
213 448 1001
140 607 1002
239 607 1002
305 665 1068
305 1003 1068
176 570 1004
308 570 1004
277 779 1005
439 779 1005
181 596 1006
310 596 1006
367 1007 1033
184 367 1007
298 989 1008
356 989 1008
355 981 1009
164 355 1009
332 588 1010
116 588 1010
358 650 1011
169 1011 1019
270 568 1012
270 588 1012
432 685 1013
205 685 1013
83 405 1014
83 606 1014
568 884 1015
410 568 1015
410 568 1016
164 568 1016
524 838 1017
265 838 1017
98 752 1018
434 1018 1112
358 727 1019
357 727 1019
496 979 1020
287 979 1020
402 562 1021
361 562 1021
520 1022 1071
520 641 1022
199 477 1023
319 477 1023
237 669 1024
311 669 1024
315 543 1025
93 543 1025
453 991 1026
93 453 1026
388 887 1027
266 887 1027
283 936 1028
437 936 1028
309 658 1029
218 658 1029
97 748 1030
309 748 1030
176 570 1031
327 522 1142
87 541 1032
279 541 1032
423 999 1033
89 999 1033
91 647 1034
430 647 1034
204 614 1035
204 538 1035
474 478 1036
281 478 1036
120 422 1037
120 404 1037
415 729 1038
50 729 1038
426 806 1039
108 806 1039
382 821 1040
54 382 1040
74 386 1041
386 523 1041
367 1033 1042
89 1033 1042
252 539 1043
539 860 1100
201 470 1044
470 571 1044
533 560 1045
1 533 1045
493 893 1046
151 493 1046
127 774 1047
370 774 1047
208 619 1048
208 463 1048
657 913 1049
412 657 1049
217 834 1050
217 592 1050
365 909 1051
158 909 1051
365 674 1052
167 674 1052
56 536 1053
303 1053 1102
301 531 1054
137 531 1054
211 766 1055
301 766 1055
354 733 1056
156 733 1056
157 888 1057
888 1057 1129
185 476 1058
185 542 1058
178 534 1059
178 802 1059
250 601 1060
250 755 1060
616 1061 1062
137 616 1061
592 855 1062
217 592 1062
99 855 1063
317 855 1063
203 565 1064
320 565 1064
238 758 1065
307 758 1065
933 1066 1159
41 933 1066
242 465 1067
64 65 1128
67 807 1068
306 807 1068
426 948 1069
128 426 1069
66 579 1070
337 579 1070
337 579 1071
198 579 1071
935 936 1072
62 935 1072
634 1073 1110
34 634 1073
126 1074 1085
126 722 1085
118 429 1075
118 364 1075
93 543 1076
282 543 1076
587 691 1077
324 587 1077
299 529 1078
60 529 1078
482 651 1079
322 651 1079
321 613 1080
204 613 1080
215 611 1081
321 611 1081
328 813 1082
171 813 1082
484 769 1083
200 769 1083
561 960 1084
304 960 1084
675 1074 1085
315 675 1085
451 735 1086
239 735 1086
397 497 1087
181 497 1087
322 651 1088
160 651 1088
459 838 1089
114 838 1089
242 518 1090
272 518 1090
149 658 1091
309 658 1091
340 551 1092
165 551 1092
391 623 1093
214 623 1093
300 1026 1094
498 1026 1094
68 288 1095
288 661 1095
112 664 1096
112 635 1096
150 598 1097
316 598 1097
528 1098 1127
316 528 1098
143 878 1099
143 681 1099
116 588 1100
270 588 1100
280 563 1101
413 563 1101
412 657 1102
154 657 1102
452 751 1103
168 751 1103
128 426 1104
313 426 1104
229 749 1105
313 749 1105
366 1052 1106
167 1052 1106
191 831 1132
191 618 1107
517 1023 1108
319 1023 1108
513 732 1109
17 513 1109
417 637 1110
417 634 1110
368 695 1111
221 695 1111
98 488 1112
368 488 1112
371 902 1113
371 477 1113
7 515 1150
326 515 1114
137 616 1115
318 616 1115
318 616 1116
217 616 1116
318 556 1117
43 556 1117
161 434 1118
161 496 1118
381 574 1119
193 574 1119
279 563 1120
122 563 1120
158 479 1121
367 479 1121
357 727 1122
182 727 1122
338 537 1123
155 537 1123
377 625 1124
303 625 1124
294 593 1125
294 547 1125
342 409 1126
94 342 1126
482 1034 1127
482 528 1127
65 1067 1128
465 1067 1128
285 875 1129
359 875 1129
57 923 1130
412 923 1130
443 547 1131
95 547 1131
428 1107 1132
428 486 1132
184 461 1133
423 461 1133
214 483 1134
214 449 1134
249 767 1135
340 767 1135
197 864 1154
197 520 1136
157 627 1137
360 627 1137
360 627 1138
228 627 1138
327 804 1139
69 804 1139
331 559 1140
148 559 1140
155 944 1141
422 944 1141
1031 1139 1142
176 1031 1142
327 379 1143
235 379 1143
329 598 1144
150 598 1144
16 513 1145
329 513 1145
329 513 1146
187 513 1146
129 601 1147
129 525 1147
323 638 1148
213 638 1148
345 932 1149
237 932 1149
515 1114 1150
261 1114 1150
437 828 1151
63 437 1151
285 859 1152
403 859 1152
366 747 1153
115 747 1153
92 1101 1154
413 1101 1154
385 907 1155
37 907 1155
436 691 1156
134 691 1156
499 926 1157
314 926 1157
185 543 1158
315 543 1158
42 834 1159
325 834 1159
546 932 1160
154 932 1160
# ---------- Vector field (U table) ---------- 
0.976949 0.213473
0.996799 0.079955
0.996012 0.089216
0.978368 0.206871
0.999778 -0.021047
0.997938 0.064178
0.994925 0.100617
0.999455 -0.033012
0.998904 0.046810
0.998760 0.049784
0.991238 -0.132090
0.999967 0.008133
0.993505 -0.113790
0.996831 -0.079546
0.999063 0.043277
0.371819 -0.928305
0.997199 0.074798
-0.742338 0.670026
0.993660 0.112427
0.999761 -0.021843
0.999883 -0.015274
1.000000 -0.000238
0.999649 -0.026501
0.435216 -0.900326
0.497023 0.867737
0.582265 0.812999
0.999962 -0.008695
0.998915 -0.046561
-0.189077 -0.981962
0.632359 0.774675
0.844301 0.535869
0.997836 -0.065755
0.996960 0.077912
0.999814 -0.019263
0.995447 0.095322
0.603151 -0.797627
-0.225539 -0.974234
0.329141 -0.944281
0.999608 -0.027998
0.999888 0.014954
0.982292 -0.187354
0.999988 -0.004808
0.996446 -0.084234
0.998348 -0.057450
0.968766 -0.247978
0.896192 -0.443667
0.999134 -0.041603
0.824896 -0.565284
0.986293 0.165005
0.999965 -0.008400
0.999674 0.025540
0.990624 -0.136620
0.950111 0.311913
0.998002 0.063176
0.977567 -0.210626
0.998877 -0.047385
0.987139 0.159862
0.999857 -0.016915
0.999685 0.025079
0.999680 -0.025300
0.999589 0.028673
0.327070 0.945000
0.999700 0.024474
0.931889 0.362744
0.881173 0.472795
0.930195 -0.367067
0.990947 0.134250
0.991207 0.132324
0.996602 -0.082367
0.999047 -0.043654
1.000000 -0.000114
1.000000 0.000446
0.999678 0.025376
0.986944 -0.161067
0.982481 -0.186364
0.985377 -0.170390
0.987400 0.158245
0.989377 0.145370
0.998318 -0.057971
0.999996 0.002677
0.999916 0.012929
0.973768 0.227541
0.981412 -0.191915
0.999901 0.014080
0.994403 0.105656
0.999779 0.021035
1.000000 -0.000202
0.976524 -0.215410
0.901711 0.432340
0.976445 -0.215766
0.999181 -0.040471
0.999003 0.044644
0.833405 0.552663
0.800762 -0.598983
0.919559 -0.392952
0.781781 -0.623553
0.997934 0.064253
0.437938 -0.899005
0.997649 0.068537
0.753564 0.657375
0.991540 0.129801
0.999871 0.016053
0.960187 -0.279357
0.952984 -0.303022
0.982687 0.185272
0.993265 0.115869
0.627103 0.778936
0.994713 -0.102692
0.998749 0.050002
0.991489 -0.130193
0.994614 -0.103650
0.998853 0.047884
0.999492 -0.031863
0.999247 -0.038793
0.999492 -0.031874
0.999998 0.001857
0.997258 0.074001
0.998814 0.048688
0.999999 -0.001097
0.796249 0.604969
0.999825 -0.018688
0.997755 -0.066968
0.999218 0.039544
0.995522 0.094534
0.356456 0.934312
0.980623 -0.195902
0.975254 -0.221088
0.993316 -0.115428
0.999278 -0.037989
0.999410 0.034341
0.999931 -0.011768
0.997110 0.075971
0.999746 -0.022533
0.997297 -0.073476
0.990083 -0.140480
0.997647 -0.068560
0.995314 -0.096696
0.999095 -0.042535
0.994770 -0.102144
0.992479 -0.122412
0.991647 0.128981
0.906876 -0.421398
0.996884 0.078886
0.996258 0.086426
0.998837 0.048221
0.999886 0.015077
0.999528 0.030724
0.999122 -0.041903
0.989497 0.144553
0.991998 0.126253
0.997247 -0.074154
0.985547 0.169400
0.999997 0.002596
0.909151 -0.416467
0.186330 -0.982487
0.856973 -0.515361
0.975390 0.220488
0.999967 -0.008166
0.997338 -0.072923
0.999009 -0.044514
0.979313 -0.202352
0.998895 -0.047001
0.694815 -0.719188
0.857497 -0.514489
0.539458 0.842012
0.365519 0.930804
0.992164 -0.124942
0.978548 -0.206021
0.997244 0.074192
0.994343 0.106216
0.857669 0.514202
0.997149 0.075462
0.996524 -0.083307
0.980480 -0.196619
0.998988 -0.044987
0.999126 -0.041808
0.998817 0.048630
0.999575 0.029167
0.999923 -0.012449
0.985307 0.170791
0.953890 0.300156
0.992726 -0.120399
0.999945 -0.010451
0.963733 -0.266870
0.985782 -0.168027
0.975430 0.220308
0.999922 -0.012505
0.917129 -0.398591
0.963538 -0.267570
0.999869 0.016208
0.997961 0.063827
0.999315 0.036998
0.974609 0.223913
0.999857 0.016930
0.999985 -0.005492
0.992335 0.123575
0.999953 0.009677
0.973194 0.229985
0.985768 0.168109
0.954719 -0.297508
0.999674 -0.025527
0.989180 0.146710
1.000000 0.000338
0.669889 -0.742461
0.743130 -0.669147
0.998498 0.054794
0.999609 -0.027973
0.999452 -0.033104
0.995953 0.089877
0.999785 0.020750
0.986000 -0.166745
0.968472 -0.249124
0.999999 -0.001195
0.999973 -0.007354
0.995027 0.099610
0.999909 -0.013526
0.999929 0.011938
0.998902 0.046850
0.997972 0.063662
0.999060 0.043349
0.999898 0.014286
0.999336 0.036444
0.977851 -0.209302
0.931440 -0.363896
0.990075 -0.140541
0.935338 -0.353756
0.844408 0.535701
0.988977 0.148070
0.998932 0.046210
0.999565 0.029482
0.999433 -0.033676
0.993117 0.117125
0.990546 0.137178
0.999922 -0.012517
0.999952 -0.009780
0.966422 -0.256959
0.922518 -0.385954
0.998126 -0.061188
0.999997 0.002626
0.999705 0.024276
0.977229 0.212188
0.999141 -0.041451
0.999831 -0.018366
0.996512 -0.083452
0.997444 -0.071451
0.999966 -0.008274
0.999364 -0.035650
0.999589 0.028684
0.980802 0.195008
0.999906 0.013730
0.986499 -0.163769
0.953684 -0.300810
0.988886 -0.148674
0.988284 -0.152627
0.999456 0.032983
-0.188822 0.982011
0.994210 0.107454
0.936842 0.349754
0.977586 0.210536
0.998100 0.061619
0.182029 0.983293
0.999690 -0.024918
0.993560 0.113307
0.995937 -0.090050
-0.817492 -0.575940
0.976577 0.215167
0.999757 0.022039
0.999879 -0.015570
0.992019 0.126087
0.993895 -0.110326
0.997856 0.065446
0.999784 0.020804
0.997787 0.066493
0.999996 -0.002783
0.785662 0.618656
0.217096 -0.976150
0.977180 0.212415
0.916774 0.399406
0.998307 -0.058159
0.997579 0.069545
0.986628 -0.162986
0.999119 0.041967
0.999697 0.024602
0.999885 0.015158
0.988802 -0.149236
0.999978 -0.006674
0.999193 0.040163
0.283848 -0.958869
-0.076645 0.997058
-0.387183 0.922003
0.989025 -0.147747
0.999209 -0.039757
0.999988 0.004956
0.999558 -0.029715
0.982086 -0.188432
0.953872 -0.300213
0.999884 0.015236
0.999554 -0.029862
0.999471 0.032529
0.997610 -0.069094
0.998402 0.056507
0.999910 0.013400
0.358928 0.933365
0.797774 0.602956
0.999845 0.017586
0.999936 0.011337
0.999426 -0.033891
0.993664 -0.112396
0.982092 -0.188402
0.986137 -0.165933
0.999945 -0.010522
0.998895 0.047000
0.999649 0.026488
0.999984 -0.005682
0.999999 0.001144
0.853450 -0.521174
0.990659 0.136365
0.972234 0.234013
0.975244 0.221133
0.997670 0.068228
0.884397 0.466735
0.999999 0.001052
0.999974 0.007240
0.999966 0.008255
0.999995 -0.003211
0.999873 -0.015938
0.999971 -0.007626
0.744668 0.667435
0.962325 -0.271903
0.691126 -0.722734
0.882148 0.470971
0.998751 0.049959
0.676058 -0.736848
0.203672 -0.979039
0.959198 -0.282734
0.824315 -0.566131
0.999674 -0.025519
0.998241 -0.059285
0.977277 -0.211965
0.979372 -0.202067
0.999476 0.032366
0.999089 0.042677
0.915703 0.401856
0.988712 0.149828
0.949363 0.314181
0.920044 0.391816
0.720101 0.693870
0.996942 -0.078150
0.448401 0.893833
0.572037 0.820228
0.999726 0.023397
0.999988 0.004997
0.994903 0.100835
0.989546 0.144220
0.997238 0.074267
0.999970 -0.007741
0.999205 -0.039878
0.998236 -0.059368
0.997415 -0.071858
0.928329 -0.371760
0.976537 -0.215351
0.999662 -0.025993
0.911559 -0.411168
0.894664 -0.446739
0.878592 0.477573
0.850866 0.525382
0.785166 -0.619285
0.980399 -0.197022
0.979393 -0.201963
0.991673 -0.128785
0.972991 -0.230843
0.374978 0.927034
0.999194 0.040142
0.999923 -0.012405
0.999985 -0.005386
0.845857 0.533410
0.926263 0.376879
0.436197 -0.899851
0.691756 -0.722131
0.999757 0.022024
0.999328 -0.036657
0.999603 -0.028180
0.999942 -0.010769
0.980791 0.195059
0.997945 0.064077
0.999971 -0.007589
0.997419 -0.071802
0.988602 -0.150550
0.976726 -0.214489
0.999973 -0.007403
0.988246 0.152869
0.995317 -0.096669
0.998206 -0.059875
0.999943 -0.010698
0.999941 -0.010834
0.998564 -0.053569
0.994346 0.106190
0.995394 0.095867
0.995815 0.091394
0.998844 0.048066
0.997297 -0.073471
0.999550 0.030006
0.999961 0.008823
0.999996 -0.002658
0.999997 0.002581
1.000000 0.000290
0.993434 0.114403
0.991844 0.127458
0.999203 -0.039908
0.936676 0.350197
0.077916 -0.996960
0.408334 -0.912833
0.555799 0.831317
0.999536 0.030444
0.984516 0.175296
0.998062 0.062228
0.996350 0.085359
0.919066 -0.394105
0.999719 0.023699
0.999965 0.008348
0.981321 0.192375
0.996386 0.084941
0.999997 -0.002382
0.997619 0.068967
0.461730 0.887020
0.633492 0.773749
0.998602 -0.052863
0.992980 -0.118284
0.915633 -0.402014
0.338020 -0.941139
0.986426 -0.164208
0.989176 -0.146734
0.853351 -0.521337
0.920788 -0.390064
0.999379 -0.035240
0.996816 0.079738
0.999984 -0.005638
0.999539 0.030362
0.989280 -0.146028
0.991066 -0.133371
0.986889 -0.161398
0.953998 -0.299814
0.896488 -0.443069
0.998879 -0.047344
0.999894 -0.014572
0.999848 0.017428
0.999895 0.014503
0.999152 0.041180
0.999414 0.034218
0.919569 0.392929
0.995376 0.096055
0.949614 0.313421
0.917345 0.398093
0.999506 0.031429
0.999646 -0.026607
0.967019 -0.254703
0.985278 0.170959
0.999965 0.008361
0.999971 0.007581
0.999836 0.018106
0.999300 0.037408
0.999543 -0.030227
0.999775 0.021217
0.986938 -0.161101
0.994144 -0.108065
0.824524 0.565827
0.999995 0.003125
0.940081 -0.340950
0.701657 0.712514
0.835857 -0.548947
0.999394 -0.034811
0.999580 -0.028973
0.992826 -0.119569
0.972095 -0.234587
0.988745 0.149607
0.990926 0.134405
0.909802 -0.415042
0.532030 -0.846725
0.935400 0.353590
0.976510 0.215473
0.999163 -0.040901
0.999350 -0.036056
0.999919 0.012719
0.999912 0.013291
0.996206 -0.087023
0.993706 -0.112017
0.997786 -0.066513
0.994733 -0.102499
0.998096 -0.061676
0.996009 0.089247
0.992245 0.124300
0.999835 0.018145
1.000000 -0.000898
0.998425 0.056103
0.999964 0.008452
0.707711 -0.706502
0.576401 -0.817167
1.000000 0.000248
0.953554 -0.301223
0.984637 0.174614
0.999647 -0.026568
0.999566 0.029461
0.997346 0.072813
0.997848 -0.065576
0.999127 -0.041774
0.981316 -0.192403
0.591367 -0.806403
0.922076 0.387009
0.890300 0.455375
0.939150 0.343508
0.999642 -0.026752
0.998859 -0.047765
0.761257 -0.648450
0.419593 -0.907712
0.815386 -0.578917
0.933697 0.358063
0.944915 0.327316
0.991801 -0.127793
0.999405 -0.034484
0.999865 0.016457
0.997836 -0.065744
0.999950 0.010012
0.999267 0.038288
0.982174 0.187974
0.987921 0.154960
0.998821 -0.048547
0.998955 0.045696
0.993891 -0.110367
0.997570 -0.069667
0.992046 -0.125873
0.993980 -0.109558
0.999754 -0.022197
0.999972 -0.007417
0.997393 -0.072156
0.996212 -0.086955
0.999744 0.022607
0.999808 0.019583
0.999345 0.036185
0.992496 0.122278
0.999431 -0.033731
0.917343 -0.398098
0.947868 -0.318665
0.999616 -0.027710
0.998767 -0.049641
0.999938 0.011145
0.999227 0.039309
0.997514 0.070471
0.999758 0.022014
0.999965 0.008398
0.998933 0.046191
0.999688 0.024973
0.999682 0.025231
0.999659 0.026110
0.985891 0.167387
0.970057 0.242878
0.999425 0.033911
0.999811 0.019427
0.999083 -0.042810
0.999963 -0.008636
0.997856 0.065442
0.998412 0.056335
0.969625 0.244594
0.999157 0.041042
0.999991 0.004244
-0.218700 -0.975792
0.978350 0.206958
0.906918 0.421307
0.999825 -0.018699
0.999119 -0.041977
0.055137 -0.998479
0.281078 0.959685
0.994839 0.101467
0.995338 0.096449
0.998317 0.057997
0.999312 0.037096
0.890794 0.454406
0.914773 0.403968
0.999308 -0.037189
0.999890 0.014845
0.992687 -0.120718
0.993940 -0.109924
0.992287 0.123964
0.995951 0.089903
0.998092 -0.061747
0.994438 -0.105325
0.999997 0.002638
0.999991 0.004161
0.993139 -0.116940
0.993805 0.111141
0.999715 0.023853
0.999234 0.039136
0.999291 -0.037661
0.998959 -0.045612
0.999990 -0.004479
0.999998 -0.002160
0.999999 -0.001014
1.000000 -0.000749
0.999993 0.003826
1.000000 0.000045
0.997972 0.063658
0.995757 0.092018
0.999989 0.004698
0.999991 0.004352
0.999745 -0.022577
0.999995 -0.003056
0.999909 0.013504
0.999938 0.011125
0.999001 -0.044692
0.999255 -0.038600
0.999972 -0.007433
0.998842 -0.048110
0.991729 0.128348
0.999211 0.039717
0.985419 -0.170144
0.987762 -0.155967
0.998445 0.055738
1.000000 -0.000803
0.999972 -0.007456
0.997159 -0.075323
0.997821 -0.065974
0.975969 -0.217910
0.943567 -0.331181
0.997884 -0.065016
0.999043 -0.043729
0.999890 -0.014815
0.999040 -0.043807
0.998618 -0.052548
0.996906 -0.078604
0.998957 -0.045651
0.998643 -0.052083
0.293787 0.955871
0.149308 0.988791
0.159901 -0.987133
-0.154098 -0.988056
0.501118 0.865379
0.586358 -0.810052
-0.198444 0.980112
0.997613 -0.069050
0.999952 -0.009832
0.999530 -0.030668
0.998534 -0.054131
0.552029 0.833825
0.206192 0.978512
0.690675 -0.723166
0.836507 -0.547957
0.994747 0.102363
0.997502 0.070638
0.997523 0.070337
0.990841 0.135035
0.999757 0.022059
0.994179 -0.107741
0.999862 -0.016609
0.624813 -0.780774
0.879949 -0.475069
0.996605 0.082336
0.995707 0.092565
0.999093 -0.042581
0.999022 -0.044223
0.999123 0.041865
0.999022 0.044221
0.998725 0.050482
0.998612 0.052662
0.999851 -0.017243
0.999763 -0.021751
0.996693 0.081254
0.999891 0.014758
0.968433 0.249274
0.958275 0.285848
0.999962 0.008709
0.999132 0.041653
1.000000 -0.000085
0.999999 -0.001400
0.993725 -0.111851
0.990056 -0.140675
0.892684 -0.450684
0.916418 -0.400223
0.999076 -0.042972
0.999801 -0.019928
0.986731 0.162365
0.983648 0.180100
0.539604 -0.841919
0.998068 -0.062133
0.995364 -0.096182
0.988285 -0.152622
0.999915 -0.013066
0.990841 0.135032
0.948505 0.316763
0.971298 0.237866
0.999830 0.018430
0.999644 0.026668
0.944623 -0.328158
0.998071 -0.062086
0.922889 -0.385066
0.899900 -0.436096
0.999482 0.032168
0.999999 -0.001311
0.999990 -0.004382
0.999736 0.022989
0.999995 0.003200
0.994833 0.101529
0.998188 0.060179
0.999997 0.002454
0.999916 -0.012938
0.996070 0.088574
0.999810 -0.019504
0.999989 -0.004588
0.999893 0.014638
0.989523 -0.144376
0.997261 -0.073969
0.999580 0.028988
0.998733 0.050314
0.998518 0.054427
0.999880 -0.015522
0.999711 0.024037
0.998855 -0.047837
0.998043 -0.062532
0.990552 -0.137137
0.997784 -0.066533
0.998080 0.061939
0.999854 0.017106
0.997847 0.065586
0.992694 0.120661
0.937994 -0.346651
0.884777 -0.466015
0.992340 -0.123536
0.999940 0.010912
0.999982 -0.005968
0.903906 -0.427730
0.547762 0.836634
0.875480 0.483255
0.973980 0.226635
0.989082 0.147364
0.997364 0.072557
0.793734 -0.608265
0.523396 -0.852089
0.999855 -0.017041
0.998090 0.061783
0.952682 0.303968
0.987651 0.156672
0.993737 -0.111745
0.999798 -0.020105
0.981234 -0.192822
0.984299 -0.176511
0.994978 0.100096
0.990327 0.138753
0.987461 0.157860
0.999953 -0.009723
0.984808 0.173648
0.999770 -0.021430
0.999994 -0.003595
0.999935 0.011418
0.999287 0.037762
0.981509 0.191418
0.984184 0.177148
0.995804 0.091513
0.999262 -0.038424
0.920177 -0.391502
0.883088 0.469207
0.995361 0.096209
0.999904 0.013876
0.999967 0.008063
0.999976 0.006879
0.999856 0.016970
0.999014 -0.044407
0.999112 -0.042132
0.992400 0.123057
0.998493 -0.054873
0.998689 -0.051188
0.999986 -0.005296
0.999974 -0.007153
0.999468 0.032621
0.999396 0.034761
0.999964 0.008541
0.999976 0.006957
0.999318 -0.036939
0.999592 -0.028568
0.995082 0.099052
0.994049 0.108930
0.999984 0.005609
0.999744 -0.022629
0.980771 0.195162
0.948851 -0.315724
0.983644 0.180126
0.982602 0.185724
0.986627 0.162993
0.993660 0.112431
0.999864 0.016515
1.000000 0.000639
0.999992 -0.004061
0.999987 0.005105
0.999876 0.015773
0.999877 0.015705
0.998914 -0.046600
0.998726 -0.050468
0.998693 -0.051114
0.999844 -0.017665
0.994136 0.108133
0.994053 0.108898
0.902937 -0.429772
0.984822 -0.173569
0.933348 -0.358974
0.973377 -0.229209
0.978242 -0.207466
0.967346 -0.253461
0.999697 -0.024623
0.999771 0.021378
0.984813 -0.173620
0.999623 -0.027446
0.999996 0.002768
0.998877 0.047383
0.997149 -0.075461
0.996263 -0.086377
0.841617 0.540074
0.903499 0.428590
0.999960 -0.008909
0.998212 0.059771
0.998986 0.045020
0.998762 0.049744
0.946425 -0.322924
0.984076 -0.177749
0.952799 0.303603
0.991084 0.133239
0.509096 0.860710
0.545333 0.838219
0.995106 0.098809
0.999997 -0.002268
0.999236 -0.039087
0.999975 -0.007088
0.894200 -0.447667
0.654835 0.755772
0.897142 -0.441742
0.883306 -0.468796
0.999700 -0.024505
0.998189 -0.060154
0.999165 -0.040857
0.999723 -0.023519
0.569609 -0.821916
0.692012 -0.721886
0.997838 -0.065714
0.968119 0.250490
0.995773 -0.091847
0.991886 -0.127134
0.931108 0.364743
0.853620 0.520896
0.998576 -0.053339
0.996362 -0.085221
0.958784 -0.284135
0.916105 -0.400939
0.999958 0.009152
0.999790 0.020488
0.993666 -0.112377
0.993695 -0.112115
0.995869 -0.090798
0.999717 0.023787
0.962560 0.271070
0.994726 -0.102570
0.998367 -0.057123
0.999239 0.039003
0.998627 0.052393
0.998404 0.056479
0.998754 -0.049912
0.997907 -0.064670
0.996926 0.078351
0.999764 0.021712
0.999603 0.028162
0.996668 0.081561
0.989969 0.141286
0.989168 0.146790
0.999233 -0.039170
0.997988 0.063403
0.980087 0.198568
0.974682 0.223594
0.990787 0.135433
0.999892 -0.014692
0.998446 -0.055722
0.997316 -0.073215
0.990403 0.138212
0.999968 0.007946
1.000000 0.000490
0.999988 0.004883
0.997670 -0.068218
0.729911 -0.683542
0.120510 -0.992712
0.622972 -0.782244
0.995846 -0.091049
0.991207 -0.132320
0.976171 0.217005
0.982344 0.187081
0.960902 -0.276890
0.991911 -0.126936
0.963211 0.268747
0.928351 0.371704
0.999130 0.041706
0.999152 0.041180
0.999862 -0.016634
0.999972 0.007425
0.982235 -0.187657
0.998615 0.052604
0.999995 0.003114
0.999835 -0.018185
0.999953 -0.009705
0.999949 -0.010068
0.987009 0.160663
0.984790 0.173752
0.946294 0.323309
0.940687 0.339277
0.996247 0.086561
0.996175 0.087384
0.999982 -0.006056
0.017868 0.999840
0.999480 0.032247
0.999222 0.039442
0.996790 -0.080061
0.984443 -0.175705
0.999917 -0.012900
0.999931 -0.011779
0.999823 -0.018797
0.999997 -0.002518
0.999962 -0.008743
0.990869 0.134828
0.996593 0.082475
0.999954 -0.009622
0.999961 -0.008833
1.000000 -0.000772
0.999986 -0.005282
0.996991 0.077521
0.954677 0.297645
0.997222 0.074484
0.997390 0.072202
0.999924 0.012319
0.985363 -0.170469
0.992092 0.125516
0.994159 0.107929
0.994104 -0.108431
0.984090 -0.177670
0.963750 -0.266805
0.984501 -0.175382
0.999832 -0.018305
0.999054 -0.043488
0.985405 -0.170229
0.972121 -0.234479
0.995984 -0.089527
0.997294 0.073519
0.999800 0.019996
0.999697 0.024596
0.999673 -0.025566
0.999922 -0.012504
0.999895 -0.014504
0.998892 -0.047054
0.349281 0.937018
0.343599 0.939117
0.988038 -0.154210
0.996906 -0.078597
0.979226 0.202773
0.974654 0.223716
0.966903 -0.255146
0.968680 -0.248312
0.999990 0.004462
0.999099 -0.042429
0.998307 -0.058171
0.996125 0.087949
0.999479 0.032277
0.992482 -0.122387
0.981809 -0.189870
0.983116 0.182983
0.882543 0.470231
0.993264 0.115876
0.974023 0.226450
0.999956 0.009419
0.996030 0.089020
0.976723 0.214505
0.960556 0.278086
0.942530 0.334122
0.997138 0.075601
0.964782 0.263050
0.984522 0.175263
0.983777 -0.179397
0.983445 -0.181206
0.146248 0.989248
0.964686 0.263402
0.999935 -0.011431
0.999884 -0.015225
0.773893 0.633316
0.801550 0.597927
0.999770 -0.021447
0.999737 0.022922
0.971194 -0.238290
0.993646 -0.112553
0.982563 0.185929
0.980350 0.197264
0.965319 -0.261074
0.990141 -0.140071
0.999942 0.010736
0.999993 -0.003855
0.534925 -0.844899
-0.047906 0.998852
0.944738 0.327827
0.993777 -0.111389
0.999534 -0.030525
0.915416 -0.402508
0.991008 -0.133804
0.998628 -0.052364
0.999999 -0.001241
0.982522 -0.186149
0.586500 0.809949
0.999284 -0.037832
0.974694 0.223545
0.999902 0.014012
0.999842 -0.017761
0.999963 -0.008625
1.000000 -0.000551
0.999975 0.007099
0.998663 0.051703
0.999957 -0.009232
0.999902 -0.013986
0.547932 -0.836523
0.998440 -0.055839
0.975123 -0.221665
0.999667 -0.025799
0.892726 0.450599
0.998370 0.057074
0.995967 0.089716
0.999992 0.003935
0.999885 -0.015158
0.484377 -0.874859
0.430583 -0.902551
0.993038 -0.117791
0.997275 -0.073776
0.956460 -0.291863
0.990258 -0.139246
0.997192 0.074891
0.996043 0.088871
1.000000 -0.000622
0.999998 0.002134
0.999789 0.020566
0.999255 0.038604
0.197209 0.980362
0.780273 -0.625439
0.997811 -0.066131
0.993681 -0.112238
0.999723 -0.023539
0.036203 -0.999344
0.268125 0.963384
-0.854390 0.519632
0.220703 -0.975341
-0.106774 0.994283
0.662913 0.748697
0.964555 -0.263881
0.986496 -0.163788
0.999353 -0.035978
0.223904 -0.974611
0.530694 -0.847564
0.448082 -0.893993
0.649226 -0.760596
0.284964 -0.958538
0.946008 0.324143
0.998595 -0.052987
0.999877 -0.015702
0.962359 0.271781
0.662133 -0.749386
0.999983 0.005750
0.999770 0.021467
0.999371 0.035449
0.999839 0.017960
0.999994 0.003528
0.999998 0.001856
0.996897 -0.078723
0.995841 -0.091108
0.839354 -0.543586
0.917531 -0.397664
0.992680 -0.120774
0.987742 0.156093
0.999186 -0.040331
0.999627 -0.027316
0.999329 -0.036630
0.981965 -0.189062
0.982683 -0.185294
0.984798 0.173702
0.998887 0.047175
0.999541 0.030308
0.999894 0.014526
0.999312 -0.037088
0.999920 -0.012629
1.000000 0.000028
0.999713 -0.023974
0.998851 0.047933
0.999309 0.037176
0.386802 0.922163
0.896296 0.443456
0.829070 0.559144
0.189557 0.981870
0.983251 0.182257
0.972803 0.231633
0.961125 0.276112
0.943191 0.332252
0.999648 0.026513
0.999999 0.001689
0.987158 -0.159748
0.993475 -0.114046
0.998030 0.062745
0.998794 0.049104
0.999840 0.017880
0.999894 0.014550
0.940831 0.338876
0.943031 0.332706
0.988152 0.153480
0.992028 0.126017
0.987244 -0.159212
0.997157 -0.075354
0.997943 0.064112
0.986144 0.165893
0.996962 0.077887
0.995170 0.098168
0.983699 -0.179825
0.996501 0.083580
0.991488 0.130197
0.998796 0.049047
0.996420 0.084546
0.993942 0.109904
0.992740 0.120281
0.994266 0.106938
0.991180 -0.132522
0.991157 -0.132698
0.999797 0.020139
0.998631 0.052299
0.999915 -0.013016
0.999842 -0.017795
0.927811 0.373050
0.908809 -0.417213
0.999996 0.002778
1.000000 0.000633
0.998327 -0.057827
0.977719 -0.209916
0.999999 0.001328
0.999395 0.034766
0.868235 -0.496153
0.320266 0.947328
0.959281 -0.282453
0.999295 0.037548
0.998822 0.048530
0.990226 -0.139473
0.995105 -0.098826
0.993743 -0.111695
0.997414 -0.071868
0.998311 -0.058105
0.994283 -0.106780
0.992113 0.125344
0.960522 0.278203
0.999942 -0.010787
0.999997 0.002368
0.999983 0.005900
1.000000 -0.000860
0.999154 0.041124
0.999270 -0.038205
0.999797 0.020156
0.995287 0.096976
0.999907 0.013621
0.997505 0.070597
0.775434 0.631429
0.983108 0.183028
0.986004 0.166720
0.989894 -0.141807
0.992380 -0.123217
0.995626 -0.093429
0.987554 -0.157279
0.987109 -0.160047
0.930320 0.366749
0.817123 0.576464
0.999994 0.003347
0.999885 0.015161
0.999994 0.003502
0.999986 0.005296
1.000000 0.000741
1.000000 0.000425
0.992297 0.123885
0.995266 0.097193
0.993834 -0.110874
0.992210 0.124574
0.999947 -0.010274
0.999597 -0.028382
0.999728 -0.023335
0.999961 -0.008836
0.974908 -0.222609
0.949947 -0.312411
0.998839 -0.048174
0.997239 -0.074254
0.970663 -0.240445
0.988367 -0.152091
0.412845 0.910801
0.738595 0.674149
0.622780 0.782397
0.567108 0.823643
0.411225 0.911534
1.000000 -0.000808
0.990862 0.134879
0.996582 0.082611
0.992357 0.123398
0.998505 -0.054652
0.998222 0.059601
0.991373 -0.131072
0.992744 0.120246
0.981759 -0.190128
0.993964 0.109709
0.997503 0.070627
0.997925 0.064381
0.999992 -0.003877
0.999996 -0.002843
0.999628 0.027270
0.998342 0.057564
0.999393 -0.034825
0.999921 -0.012600
0.999885 0.015188
0.992762 -0.120102
0.999721 -0.023621
0.999986 0.005380
0.996821 0.079668
0.993946 0.109872
0.998357 0.057292
0.998175 0.060394
0.999455 0.032997
0.998920 0.046457
0.999754 0.022178
0.999405 0.034493
0.999988 0.004944
0.999877 0.015688
0.371692 0.928356
0.143226 -0.989690
0.998546 0.053903
0.999886 0.015105
0.472342 -0.881415
0.957464 -0.288554
0.871575 0.490263
0.861218 0.508235
0.999888 -0.014981
0.994389 0.105790
0.982320 -0.187211
0.999506 -0.031421
-0.544080 -0.839034
0.289192 -0.957271
0.995807 0.091474
0.994574 -0.104035
0.999969 0.007882
0.999994 0.003569
0.976326 -0.216304
0.971409 -0.237412
0.969195 0.246293
0.996117 0.088039
0.999052 0.043532
0.998946 0.045907
0.999882 -0.015347
0.999821 0.018932
0.999697 0.024596
0.992520 0.122083
0.995548 -0.094261
0.989353 -0.145534
0.992905 0.118910
0.997473 0.071050
0.928671 0.370904
0.022759 0.999741
0.983957 0.178403
0.999849 -0.017374
0.995619 0.093502
0.974742 -0.223332
0.990031 -0.140852
0.860760 0.509011
0.899582 0.436751
0.999147 0.041299
0.999231 -0.039222
0.860658 -0.509183
0.917976 -0.396636
0.999777 0.021126
0.998803 0.048911
0.916006 -0.401164
0.917887 -0.396842
0.999504 -0.031487
0.998308 -0.058154
0.915116 -0.403190
0.958252 -0.285925
0.999339 -0.036356
0.999717 -0.023807
0.996618 0.082174
1.000000 -0.000092
0.998863 0.047666
0.999796 0.020190
0.996023 -0.089099
0.999888 -0.014955
0.999534 -0.030535
0.999907 -0.013602
0.438494 0.898734
0.962952 -0.269674
0.991582 0.129478
0.991350 0.131244
0.981026 0.193878
0.945595 0.325346
0.982427 -0.186648
0.988301 -0.152514
0.999990 0.004571
0.998524 -0.054319
0.995911 0.090340
0.926576 0.376107
0.882747 0.469848
0.464571 0.885536
-0.281103 0.959678
-0.076037 0.997105
0.227129 0.973865
0.999493 0.031834
0.999986 0.005336
0.320452 -0.947265
-0.033152 -0.999450
0.951695 0.307046
0.986375 0.164515
0.999993 -0.003768
0.999996 -0.002873
0.893304 0.449452
0.227296 0.973826
0.999544 -0.030200
0.998819 -0.048594
0.994424 0.105453
0.997320 0.073161
0.992038 -0.125937
0.992187 -0.124756
0.995533 -0.094418
0.996931 -0.078291
0.999386 -0.035039
0.999980 -0.006297
0.999748 -0.022438
0.999876 -0.015755
0.996137 -0.087809
0.983570 0.180527
0.576904 0.816812
-0.402602 0.915375
0.889113 0.457688
0.876773 -0.480904
0.978808 -0.204782
0.983172 -0.182680
0.928712 0.370801
0.943475 0.331445
0.966626 0.256193
0.986276 0.165103
0.998252 -0.059096
0.999302 -0.037359
0.902667 0.430340
0.910806 0.412834
0.936610 0.350373
-0.274070 0.961710
0.999846 0.017532
0.998833 0.048298
0.999507 -0.031411
0.218182 0.975908
0.999910 0.013410
0.999984 0.005574
0.999486 0.032050
0.998767 0.049634
0.999059 0.043370
0.999470 0.032549
0.999663 -0.025959
0.999994 -0.003434
0.997161 0.075297
0.999856 -0.016996
0.987224 -0.159336
0.986116 -0.166060
0.133174 0.991093
0.214761 0.976667
0.982140 0.188149
0.993434 0.114408
0.999126 -0.041798
0.998122 0.061256
0.973767 0.227548
0.973767 0.227548
0.998108 -0.061485
0.999868 -0.016274
0.998241 0.059280
0.998411 0.056352
0.999662 -0.025991
0.968516 -0.248950
0.998596 0.052967
0.996017 -0.089167
0.998184 0.060237
0.999945 -0.010485
0.999747 -0.022475
0.998904 -0.046800
0.998405 -0.056451
0.999467 -0.032650
0.890799 0.454397
0.890799 0.454397
0.577660 0.816277
0.117785 0.993039
0.933302 -0.359093
0.972664 -0.232219
0.950277 -0.311405
0.889043 -0.457825
0.996268 0.086320
0.057435 -0.998349
0.862731 -0.505664
0.029638 -0.999561
0.996166 -0.087485
0.999775 0.021234
0.999435 0.033620
0.982438 0.186590
0.993610 0.112866
0.999287 0.037751
0.999451 0.033129
0.999253 -0.038650
0.999211 -0.039706
0.998959 0.045618
0.998532 0.054158
0.999992 0.004080
0.999683 0.025161
0.973618 -0.228186
0.994924 -0.100633
0.977449 -0.211171
0.651430 -0.758709
0.999985 -0.005459
0.999939 0.011018
0.959440 -0.281914
0.857344 -0.514743
0.993087 -0.117378
0.993908 -0.110217
0.646569 0.762856
0.423871 0.905722
0.999426 -0.033882
0.998916 -0.046547
0.999943 -0.010701
0.999998 -0.002127
0.988282 -0.152638
0.975544 -0.219804
0.943342 -0.331823
0.964231 -0.265065
0.982624 -0.185606
0.948158 -0.317799
0.999007 0.044556
0.999958 -0.009183
0.911381 -0.411565
0.916800 -0.399346
0.954075 -0.299568
0.952632 -0.304125
0.999999 -0.001705
0.999996 -0.002929
0.998729 -0.050406
0.999350 -0.036056
0.999650 0.026471
0.999955 -0.009526
0.999874 0.015853
0.999861 0.016689
0.999425 -0.033907
0.976522 0.215418
0.537652 0.843167
0.602464 -0.798146
0.999978 -0.006593
0.999458 -0.032913
0.989621 -0.143705
0.997664 -0.068309
0.994556 -0.104204
0.986716 -0.162454
0.999066 0.043199
0.999742 0.022692
0.986553 0.163439
0.994774 0.102099
0.999654 0.026312
0.999042 0.043759
0.992632 0.121168
0.987930 0.154903
0.975529 -0.219870
0.990112 -0.140282
0.994040 -0.109018
0.992636 -0.121139
0.994219 -0.107375
0.993992 -0.109454
0.984992 0.172597
0.979750 0.200223
0.999310 -0.037152
0.999978 -0.006675
0.999999 -0.001663
0.999999 -0.001397
0.961434 -0.275034
0.999311 -0.037116
0.972003 0.234968
0.985572 0.169256
0.989426 -0.145041
0.996130 -0.087888
0.999797 0.020159
0.999952 -0.009756
0.999158 0.041034
0.996536 0.083159
0.995724 0.092378
0.993845 0.110777
0.906499 -0.422209
0.978143 -0.207933
0.993962 -0.109722
0.997457 -0.071273
0.999311 -0.037128
0.987318 -0.158754
0.999934 -0.011461
0.999850 -0.017348
0.997581 -0.069510
0.999026 -0.044133
0.893280 0.449501
0.915765 0.401715
0.913709 0.406369
0.878802 0.477186
0.999929 0.011955
0.999999 -0.001630
0.999991 0.004199
0.995391 -0.095903
0.998742 -0.050151
0.999027 -0.044101
0.999427 -0.033833
0.998742 -0.050134
0.999990 -0.004492
0.999966 0.008235
0.995948 0.089929
0.995948 0.089927
0.937424 -0.348189
0.968547 -0.248831
0.994630 -0.103495
0.999450 -0.033158
-0.029648 0.999560
0.167484 -0.985875
0.367326 0.930092
0.999649 -0.026495
0.996769 -0.080317
0.993123 -0.117078
0.989418 -0.145090
0.925861 -0.377864
0.910368 -0.413800
0.999907 -0.013665
0.995243 -0.097422
0.999983 0.005814
0.999914 -0.013128
0.999939 -0.011038
0.999893 -0.014600
0.996070 -0.088565
0.998470 -0.055294
0.999675 -0.025503
0.999997 -0.002475
0.413440 0.910531
0.708582 0.705628
0.993367 -0.114985
0.998869 -0.047551
0.999935 -0.011410
0.999761 -0.021855
0.993241 0.116069
0.999826 0.018637
0.997616 0.069006
0.999515 -0.031156
0.934695 -0.355450
0.934251 -0.356617
0.960523 -0.278200
0.904262 -0.426977
0.996736 -0.080724
0.998134 -0.061066
0.997244 -0.074194
0.997925 -0.064388
0.999983 -0.005808
0.136713 -0.990611
0.999991 0.004336
0.999722 0.023566
0.438945 -0.898514
0.830673 -0.556761
0.956092 -0.293065
0.541263 -0.840854
0.999719 -0.023719
0.993460 0.114183
0.995159 0.098280
0.997442 -0.071475
0.928131 0.372255
0.958607 0.284733
0.999514 -0.031179
0.998763 -0.049731
0.996976 0.077708
0.996630 0.082023
0.473719 0.880676
0.527652 0.849461
0.943010 -0.332766
0.569682 0.821865
0.962491 -0.271314
0.999478 -0.032319
-0.133779 -0.991011
0.999879 0.015537
0.999999 -0.001573
0.999958 0.009132
0.999576 -0.029121
0.998824 -0.048486
0.386900 -0.922122
0.955409 0.295287
0.999691 -0.024857
0.999367 -0.035572
0.998007 -0.063096
0.997122 -0.075820
0.641181 0.767390
0.876297 0.481771
0.996493 -0.083678
0.995692 -0.092719
0.979182 -0.202986
1.000000 0.000773
0.997840 0.065695
0.996548 0.083015
0.992984 0.118246
0.992562 0.121737
0.998892 0.047066
0.999221 0.039462
0.984285 -0.176589
0.979568 -0.201111
0.971008 0.239048
0.925904 -0.377760
0.856828 -0.515603
0.929229 -0.369503
0.999681 -0.025272
0.999793 -0.020350
0.999403 0.034555
0.999157 0.041050
0.998739 0.050204
0.995018 0.099700
0.955318 0.295580
0.546641 -0.837367
0.011925 0.999929
0.996418 0.084565
0.991045 0.133525
0.993527 0.113600
0.985650 0.168804
0.992571 0.121669
0.999388 -0.034988
0.993614 -0.112837
0.443176 -0.896434
0.466142 -0.884710
0.952343 0.305030
0.987237 0.159256
0.999476 -0.032361
0.999662 0.026001
0.998909 -0.046698
0.998925 -0.046362
0.999928 -0.011976
0.999115 -0.042056
0.831489 0.555541
0.931876 0.362777
0.999478 0.032320
0.993658 -0.112446
0.998408 0.056397
0.999780 0.020959
0.999127 -0.041775
0.999691 -0.024858
0.864307 0.502964
0.905607 0.424118
0.954293 0.298871
0.967444 0.253087
0.947589 -0.319491
0.987236 -0.159262
0.911197 -0.411971
0.999998 -0.002220
0.999998 -0.001922
0.994552 -0.104245
0.999950 0.009960
0.392871 -0.919594
0.445439 -0.895312
0.976251 -0.216645
0.965447 -0.260600
0.999503 -0.031522
0.998180 -0.060310
0.992712 0.120514
0.996650 0.081785
0.993757 -0.111569
0.989803 -0.142444
0.993609 0.112881
0.994845 0.101410
0.986116 0.166055
0.984216 0.176973
0.998531 0.054180
0.081286 -0.996691
0.999830 -0.018436
0.997572 -0.069636
0.532761 -0.846266
0.879949 -0.475069
0.836595 0.547823
0.533035 -0.846093
0.986288 0.165035
0.997949 0.064017
0.955755 0.294163
0.987892 0.155144
0.999592 -0.028570
0.999951 -0.009948
0.999262 0.038412
0.998712 0.050737
0.996700 -0.081177
0.999968 0.007981
0.999875 0.015821
0.999413 0.034272
0.988829 0.149054
0.988833 0.149028
0.988325 0.152358
0.985232 0.171227
0.988344 0.152238
0.989039 0.147656
0.995703 -0.092604
0.996946 -0.078093
0.984421 -0.175826
0.998150 0.060802
0.993659 0.112440
0.999816 -0.019207
0.999910 -0.013408
0.997418 -0.071819
0.999987 -0.005026
0.997726 -0.067407
0.999848 0.017422
1.000000 0.000848
-0.312404 -0.949949
0.862703 0.505711
0.999897 -0.014381
0.999923 -0.012448
-0.358093 -0.933686
0.909058 0.416669
-0.137234 0.990539
0.416435 0.909166
0.951746 0.306887
0.962418 0.271571
0.997624 0.068890
0.997786 0.066511
0.999949 -0.010103
0.999789 -0.020549
0.999806 -0.019683
0.998410 -0.056363
0.999993 0.003808
0.999965 0.008322
0.990588 0.136880
0.987152 0.159784
0.985704 -0.168484
0.998841 0.048129
0.991667 0.128824
0.987869 0.155291
0.984760 -0.173919
0.986666 -0.162759
0.999693 0.024794
0.998404 0.056479
0.999909 -0.013511
0.999891 0.014766
0.999590 0.028617
0.999609 -0.027974
0.978364 0.206891
0.948185 0.317719
0.998503 -0.054706
0.999330 -0.036596
0.973946 -0.226779
0.984221 -0.176943
0.994564 -0.104126
0.995368 -0.096135
0.999998 -0.002023
0.999997 -0.002340
0.999344 -0.036203
0.999427 -0.033854
0.999999 0.001147
1.000000 0.000996
0.994841 0.101451
0.995183 0.098035
0.998472 0.055262
0.998395 0.056634
0.518583 0.855027
0.848490 -0.529212
0.999821 0.018941
0.999986 0.005219
0.985996 -0.166767
0.921732 -0.387828
0.990664 0.136324
0.993825 0.110957
0.999996 0.002950
0.999908 0.013577
0.999024 0.044172
0.999859 0.016820
0.999279 -0.037961
0.997027 0.077057
0.958349 0.285598
0.419183 -0.907902
0.999695 -0.024679
0.999963 -0.008579
0.999795 0.020225
0.993830 0.110915
0.942005 0.335597
0.945939 0.324345
0.997253 0.074064
0.998477 -0.055177
0.999979 -0.006456
1.000000 -0.000435
0.991450 -0.130488
0.970509 -0.241065
0.928732 -0.370752
0.939705 -0.341986
0.935840 0.352425
0.911162 0.412047
0.999945 0.010497
0.999977 0.006730
0.999785 0.020719
0.999826 0.018627
0.996784 0.080141
0.998833 0.048300
0.991248 0.132010
0.971812 0.235759
0.944183 0.329421
0.934477 0.356024
0.989861 0.142038
0.984198 0.177074
0.981754 0.190155
0.985673 0.168665
0.996966 0.077837
0.997843 0.065641
0.981807 -0.189879
0.998114 -0.061384
0.996429 0.084438
0.999777 -0.021138
0.994325 0.106388
0.999981 0.006180
0.988965 -0.148150
0.996178 -0.087341
0.999450 0.033165
0.999681 0.025264
0.991339 0.131329
0.993705 0.112032
0.999523 0.030871
0.999819 -0.019030
0.999829 -0.018466
0.999787 -0.020659
0.997155 -0.075383
0.997038 -0.076916
0.999985 0.005533
0.999916 0.012988
0.993433 -0.114420
0.989693 -0.143207
0.999967 -0.008080
0.999828 -0.018557
0.999726 0.023414
0.999897 -0.014380
0.998056 -0.062328
0.996122 -0.087983
0.936292 -0.351223
0.971866 -0.235533
0.999810 -0.019501
0.998406 -0.056442
0.999076 -0.042986
0.999356 -0.035878
0.210813 0.977526
0.931641 0.363380
0.998320 -0.057939
0.999505 -0.031450
0.999477 0.032351
0.994533 0.104419
0.999920 0.012644
0.998763 0.049716
0.997186 0.074970
0.999392 -0.034853
0.984446 0.175686
0.980638 0.195828
0.997459 0.071243
0.997996 0.063284
0.175912 -0.984406
0.215693 -0.976461
0.806895 -0.590695
0.959291 -0.282420
0.303302 0.952895
0.441703 0.897161
0.985579 -0.169216
0.999799 0.020049
0.995328 0.096552
0.999886 0.015098
0.997827 0.065891
0.955844 0.293875
0.986759 0.162193
0.943064 0.332610
0.999735 0.023040
0.996566 0.082802
0.983409 0.181403
0.969408 -0.245455
0.998920 -0.046469
0.999892 -0.014688
0.401594 -0.915818
0.999995 0.003203
0.983002 -0.183597
0.996353 -0.085330
0.994881 -0.101050
0.949915 0.312508
0.983798 -0.179281
0.991544 -0.129768
0.975355 -0.220641
0.971684 -0.236286
0.960437 -0.278497
0.999939 0.011038
0.999958 -0.009184
0.849216 0.528045
0.999999 -0.001377
0.979119 0.203286
0.994717 0.102659
0.985161 0.171633
0.992454 -0.122617
0.997260 -0.073975
0.999606 0.028076
0.999103 -0.042347
0.999532 -0.030591
0.998574 -0.053392
0.613332 0.789825
0.577918 -0.816095
0.997836 -0.065752
0.957748 0.287608
0.985138 0.171764
0.988151 -0.153485
0.947232 0.320548
0.991462 0.130399
0.996490 0.083712
0.994162 0.107900
0.980728 -0.195380
0.984409 -0.175893
0.903432 0.428730
0.919118 0.393982
0.933921 -0.357481
0.950727 -0.310030
0.693831 0.720138
0.572602 -0.819833
0.591806 -0.806081
0.780082 -0.625677
0.999547 -0.030082
0.998201 -0.059965
0.997826 -0.065901
0.999202 -0.039944
0.861919 -0.507045
0.924546 -0.381071
0.551748 -0.834011
0.487389 -0.873185
0.999930 0.011791
0.999583 0.028881
0.999697 0.024607
0.999821 0.018899
0.999972 -0.007548
0.999613 -0.027835
0.995912 -0.090324
0.994270 -0.106894
0.923657 -0.383219
0.986826 -0.161788
0.999004 0.044622
0.999025 0.044150
0.998901 -0.046869
0.999483 -0.032138
0.999998 0.002116
0.999992 -0.003952
0.999124 -0.041849
0.999353 -0.035956
0.999410 -0.034345
0.998649 -0.051971
0.993968 -0.109672
0.997492 -0.070775
0.999875 0.015829
0.999966 0.008256
1.000000 0.000274
0.999959 -0.009040
0.999986 0.005256
0.999885 0.015138
0.998548 0.053871
0.998972 0.045329
0.996898 -0.078704
0.984166 -0.177249
0.723620 0.690198
0.647364 -0.762181
0.998951 -0.045786
0.999821 -0.018943
0.999792 0.020412
0.999505 -0.031451
0.999978 0.006585
0.999982 0.006010
0.999762 0.021823
0.999975 -0.007095
0.999168 0.040786
0.998816 0.048651
0.990765 0.135588
0.992676 0.120807
0.999677 -0.025433
0.998957 -0.045670
0.999472 0.032506
0.999999 -0.001481
0.999946 0.010405
0.998227 -0.059521
0.941867 0.335986
0.894618 0.446831
0.999997 -0.002413
0.999698 -0.024579
0.993440 -0.114351
0.997542 -0.070073
0.999665 0.025900
0.998619 0.052541
0.868899 -0.494990
0.730369 -0.683052
0.931559 -0.363591
0.959192 -0.282757
0.964479 -0.264159
0.972590 -0.232528
0.998519 -0.054400
0.999434 -0.033639
0.999999 0.001349
0.999946 -0.010349
0.961655 -0.274262
0.943024 -0.332725
0.443325 -0.896361
0.847799 0.530317
0.999903 0.013910
0.999970 0.007727
0.999460 0.032848
0.999572 0.029248
0.998210 0.059806
0.999994 -0.003593
0.637534 0.770423
0.620079 0.784539
0.999888 -0.014981
0.777889 0.628402
0.999880 0.015473
0.968206 -0.250154
0.981789 0.189975
0.992448 0.122663
0.999841 0.017827
0.999768 0.021557
0.999729 -0.023272
0.999899 -0.014228
0.999558 -0.029741
0.999861 -0.016673
0.997920 -0.064458
0.996512 -0.083447
0.995387 0.095945
0.995159 0.098274
0.994310 0.106524
0.991829 0.127571
0.047455 0.998873
0.994288 -0.106735
0.993500 0.113834
0.977390 0.211447
0.946922 -0.321462
0.971875 -0.235496
0.999620 0.027563
0.999130 0.041700
0.958002 -0.286761
0.950820 -0.309743
0.998688 -0.051213
0.997561 -0.069801
0.998990 0.044931
0.999543 -0.030231
0.971262 0.238012
0.979073 0.203511
0.998969 -0.045405
0.998803 -0.048918
0.992960 0.118446
0.991543 0.129782
0.999953 0.009670
0.999803 0.019850
0.999996 -0.002873
0.999881 0.015438
0.998341 -0.057582
0.998607 -0.052773
0.991480 -0.130258
0.995426 -0.095531
0.998261 -0.058943
0.996677 -0.081455
0.521357 -0.853339
0.124281 0.992247
-0.125320 -0.992116
0.999810 -0.019509
0.990090 0.140434
0.994427 0.105425
0.939575 0.342344
0.697845 0.716249
0.934077 0.357073
0.333523 -0.942742
0.994211 -0.107448
0.999714 -0.023911
0.907420 -0.420225
0.986781 -0.162057
0.989048 -0.147595
0.979554 -0.201181
0.919239 -0.393699
0.778044 0.628209
0.999972 0.007538
0.999967 -0.008154
0.998148 -0.060827
0.996109 -0.088125
0.550528 0.834817
0.605328 0.795976
0.913854 -0.406044
0.893380 -0.449302
0.999555 -0.029843
0.999324 -0.036767
0.941045 -0.338280
0.934325 -0.356423
0.999186 -0.040337
0.999796 -0.020187
-0.217115 -0.976146
-0.062380 0.998052
0.996736 -0.080729
0.996848 -0.079330
0.999974 0.007238
0.999837 -0.018076
0.999709 -0.024143
0.999946 -0.010360
0.954321 0.298782
0.923963 0.382482
0.992622 -0.121250
0.996811 -0.079800
