# ---------- Vertices (V table) ---------- 
0.000000 6.000000
0.000000 0.000000
9.000000 0.000000
9.000000 6.000000
3.969295 3.301948
4.000000 3.000000
3.969295 2.698052
3.878437 2.408466
3.731145 2.143098
3.533450 1.912811
3.293446 1.727034
3.020958 1.593372
2.727142 1.517298
2.424026 1.501925
2.124021 1.547884
1.839409 1.653293
1.581841 1.813836
1.361863 2.022941
1.188480 2.272047
1.068791 2.550955
1.007696 2.848248
1.007696 3.151752
1.068791 3.449045
1.188480 3.727953
1.361863 3.977059
1.581841 4.186164
1.839409 4.346707
2.124021 4.452116
2.424026 4.498075
2.727142 4.482702
3.020958 4.406628
3.293446 4.272966
3.533450 4.087189
3.731145 3.856902
3.878437 3.591534
7.969295 3.301948
8.000000 3.000000
7.969295 2.698052
7.878437 2.408466
7.731145 2.143098
7.533450 1.912811
7.293446 1.727034
7.020958 1.593372
6.727142 1.517298
6.424026 1.501925
6.124021 1.547884
5.839409 1.653293
5.581841 1.813836
5.361863 2.022941
5.188480 2.272047
5.068791 2.550955
5.007696 2.848248
5.007696 3.151752
5.068791 3.449045
5.188480 3.727953
5.361863 3.977059
5.581841 4.186164
5.839409 4.346707
6.124021 4.452116
6.424026 4.498075
6.727142 4.482702
7.020958 4.406628
7.293446 4.272966
7.533450 4.087189
7.731145 3.856902
7.878437 3.591534
4.500000 0.000000
4.500000 6.000000
0.000000 3.000000
9.000000 3.000000
2.250000 0.000000
6.750000 0.000000
6.750000 6.000000
2.250000 6.000000
0.000000 4.500000
0.000000 1.500000
9.000000 1.500000
9.000000 4.500000
1.125000 6.000000
1.125000 0.000000
7.875000 0.000000
7.875000 6.000000
3.375000 0.000000
5.625000 0.000000
5.625000 6.000000
3.375000 6.000000
4.702339 4.891139
4.702339 1.108861
8.074208 1.022469
8.036003 4.984353
0.917960 4.983405
0.917960 1.016595
3.763523 0.883789
3.763523 5.116211
6.145592 5.313452
6.187500 0.664253
1.760206 5.260794
1.760206 0.739206
7.312500 0.640232
2.812500 0.656783
2.812500 5.343217
7.312500 5.390246
5.469053 0.967172
5.374965 5.269755
9.000000 0.750000
9.000000 2.250000
0.000000 0.750000
0.000000 3.750000
0.000000 2.250000
9.000000 3.750000
9.000000 5.250000
0.000000 5.250000
4.488679 4.118660
4.487296 1.896960
0.699074 4.285777
0.699074 1.714223
8.392663 4.125000
8.392663 1.875000
5.062500 0.000000
0.562500 0.000000
8.437500 0.000000
8.437500 6.000000
0.562500 6.000000
4.003274 1.477625
4.143337 4.629965
0.482336 2.585359
0.482336 3.414641
6.725045 5.412648
5.003602 0.593791
3.937500 6.000000
4.326871 5.395517
4.326871 0.604483
5.062500 6.000000
3.937500 0.000000
4.982050 4.397986
5.159836 1.439209
6.755338 0.902248
7.312500 6.000000
1.687500 0.000000
2.812500 0.000000
1.687500 6.000000
6.187500 0.000000
7.312500 0.000000
6.187500 6.000000
2.812500 6.000000
8.467124 2.433716
8.550276 3.375000
1.422573 4.728572
1.453804 1.226229
7.397654 4.829991
4.514696 2.592010
4.514696 3.407990
8.156250 5.524000
7.514710 1.187345
8.446694 0.579042
8.478981 4.664514
0.843750 5.527899
0.843750 0.472101
4.858962 5.399673
2.274619 5.451817
2.304943 0.935335
7.922611 1.539783
7.926863 0.520536
8.489782 1.352979
0.457366 1.255233
0.457366 4.744767
5.782680 4.896533
7.948178 4.444213
3.219404 1.057711
3.334163 0.534293
3.219404 4.942289
3.352832 5.462961
2.165679 4.957034
5.482802 0.473230
1.406250 0.400841
1.406250 5.599159
3.643108 4.630690
6.598760 4.947388
5.177087 4.834510
8.465491 2.908175
0.000000 0.375000
0.000000 5.625000
9.000000 5.625000
2.163232 0.474378
4.233067 1.066254
8.506035 5.165007
6.883016 0.450353
3.900196 0.451675
3.900196 5.548325
1.157571 1.595705
0.726665 2.183618
0.451505 3.884841
3.562684 1.358493
0.476849 0.777962
0.476849 5.222038
1.895775 1.164392
5.944294 1.090877
4.941635 1.841554
0.000000 1.875000
4.040620 4.188313
1.324899 5.162187
5.906250 0.332127
2.787779 4.911178
2.787779 1.088822
5.906250 5.672615
7.754479 5.330304
8.575379 5.597443
1.142971 4.372950
7.023336 5.059697
6.361307 1.045970
7.029925 5.693901
0.603306 3.000000
6.466007 0.332127
1.345804 0.818388
6.191656 4.906945
4.441313 1.461025
4.419051 3.000000
7.087582 1.171161
4.270152 3.754849
7.593750 0.290874
2.531250 0.296568
1.908873 5.648595
7.593750 5.704922
4.595810 4.504816
4.881506 4.000193
9.000000 0.375000
6.387352 5.643248
4.067652 1.892327
4.273513 2.253453
4.757723 2.234365
5.189375 5.622316
8.633029 0.956836
0.389399 1.967934
4.313830 4.993867
7.720440 0.853726
9.000000 4.875000
0.407324 0.376612
0.457845 5.617826
5.557532 1.362429
5.075218 0.981318
4.661669 0.373338
9.000000 2.625000
1.823380 4.747648
5.758945 5.315123
5.784822 0.728799
2.531250 6.000000
8.287890 3.711421
5.353246 4.493969
0.000000 4.125000
3.093750 6.000000
0.761647 3.669066
0.000000 4.875000
0.000000 1.125000
0.000000 3.375000
0.000000 2.625000
9.000000 1.875000
9.000000 3.375000
9.000000 4.125000
9.000000 1.125000
3.093750 0.000000
2.492534 5.144799
1.800884 0.362026
0.978392 4.037234
8.182809 2.187287
0.324903 4.312500
0.806188 4.635322
0.857443 1.380760
8.215667 0.293116
0.999946 1.932046
4.218750 0.000000
4.218750 6.000000
4.800711 1.454594
5.550432 5.610136
0.350157 1.604600
3.017029 0.355757
2.591993 5.637401
3.030502 5.638474
8.024973 4.082078
8.678160 1.658070
8.658419 2.123902
8.637872 3.842820
8.668531 4.357526
4.590969 5.646911
7.983780 1.891234
4.628004 3.747510
3.656250 0.000000
3.592767 5.722034
2.469961 0.634326
4.667458 0.739762
7.603338 4.425396
7.758435 4.752275
8.652968 0.286173
3.290424 4.611389
7.576638 1.527937
6.948816 4.733430
2.461104 4.821138
4.966589 5.088139
3.924873 1.163962
3.721668 1.644807
7.197311 0.320116
6.610416 0.617317
2.206357 1.239210
0.301653 3.136960
0.258206 2.812500
8.277458 3.180750
5.343750 0.000000
5.187528 0.312218
1.591711 4.994480
4.071520 5.202772
4.069202 0.792553
4.594438 5.202757
0.428903 2.277695
3.592804 0.325981
1.107002 4.730715
5.234672 1.740135
3.893507 4.826281
4.316208 4.374447
1.139297 1.240488
7.071552 0.851265
6.779945 1.211547
7.502604 5.132541
4.189048 0.317224
4.189048 5.682776
1.142655 0.575830
5.488658 4.779850
4.732935 3.000000
7.285021 1.414097
8.757069 2.812500
1.142914 5.422126
1.570390 1.508579
2.497514 1.165740
8.716103 3.116701
4.893087 5.705526
8.249662 1.578351
5.263939 0.746062
0.281250 6.000000
3.749415 4.326429
7.871023 5.602096
3.246983 1.372518
0.280264 4.991030
0.280264 1.008970
6.736246 5.706378
6.457137 5.235597
7.018724 5.400170
0.735121 2.736577
0.735121 3.263423
0.227387 3.562500
0.248593 5.409429
8.775138 3.562500
3.018060 4.726004
8.718750 6.000000
3.655290 0.611885
3.452854 0.849959
7.432903 0.906656
7.832020 1.232366
8.202576 1.287582
8.767123 0.562500
8.339202 0.866908
2.012523 0.892961
1.139725 5.711242
7.643310 0.575403
1.968750 0.000000
5.343750 6.000000
1.074488 0.289735
0.843750 0.000000
1.589915 0.971966
8.158433 4.687236
8.250059 4.395499
8.336239 4.923208
8.777967 5.062500
5.897475 1.373134
2.989925 0.883662
2.989925 5.116338
3.527310 4.917102
3.486709 5.204939
4.279640 1.698472
4.842386 4.644671
5.222651 4.233265
4.741700 4.247133
7.349224 4.550791
8.733180 2.530424
1.632442 4.539224
4.457403 4.750831
5.279538 1.180324
7.312346 5.673409
8.174677 2.483898
4.781250 0.000000
7.031250 0.000000
6.468750 6.000000
8.156250 0.000000
7.593750 6.000000
2.531250 0.000000
7.593750 0.000000
6.468750 0.000000
7.031250 6.000000
5.906250 6.000000
5.906250 0.000000
1.406250 6.000000
1.406250 0.000000
0.843750 6.000000
8.718750 0.000000
8.156250 6.000000
1.968750 6.000000
0.281250 0.000000
3.656250 6.000000
4.781250 6.000000
8.772721 4.687500
4.906363 3.683883
5.992198 4.704162
6.186128 0.380268
8.735440 1.217839
5.631693 4.537089
2.932939 1.327893
4.797572 3.349858
4.787639 2.516087
4.222537 2.544953
4.262012 3.252021
6.173907 1.264422
2.626982 0.862894
7.761558 5.030567
0.728872 2.460128
8.334433 5.739808
8.211950 5.228368
5.550666 5.052385
5.951412 5.116068
0.202924 0.562500
0.230115 2.470691
4.007762 2.163124
0.772120 5.240832
0.661285 0.260977
0.772120 0.759168
0.694069 5.758555
2.184395 5.722410
2.005167 5.389283
8.728302 5.351143
4.006372 3.836105
0.701556 4.007343
4.971294 1.237288
7.787429 4.220914
4.140384 3.514674
4.480773 0.943602
4.695303 1.712123
4.209526 2.826158
7.742518 1.741411
8.207549 2.826359
8.176388 0.642109
3.320809 5.733260
3.694114 5.375835
3.081283 0.629403
3.330742 0.265324
5.124033 5.362791
8.294262 3.445857
4.924416 0.341209
3.093762 5.370913
7.951861 0.255194
3.584138 1.087732
4.460265 1.202254
0.256830 4.569790
0.525440 4.487477
0.704399 1.168216
0.193835 1.312500
0.579751 1.483922
0.686866 4.865624
8.403492 5.403228
1.893931 5.016796
1.382066 4.472693
8.649326 4.100404
2.109375 0.219403
8.036299 3.811536
0.189891 3.937500
8.426646 1.106178
2.243930 5.199190
2.225457 4.697925
1.667919 5.518570
7.967955 0.790020
2.520501 5.395494
3.476464 4.443825
3.893133 4.568681
3.789795 1.892747
8.588396 4.893615
5.446946 1.594743
0.939890 2.320180
4.986334 2.101940
6.415609 0.790817
1.089731 0.826506
1.518082 5.319519
5.531644 0.721752
5.484375 0.215724
1.017108 5.209600
1.912623 1.414034
6.010080 0.845746
5.721270 0.972947
0.617921 5.431779
4.243636 4.018312
1.546875 5.799579
1.546875 0.200421
1.618488 0.533138
8.015625 5.799622
2.782975 0.253646
4.779807 2.760250
7.270981 5.043410
0.500964 4.144783
4.512080 2.154171
1.266088 4.921131
2.238883 0.703382
1.935809 0.567361
6.772293 5.150055
6.411665 4.761515
6.704116 4.726418
6.141434 5.570010
5.122864 4.013121
0.222017 2.146680
8.425760 2.194211
5.079739 4.616172
5.214794 5.079971
0.597985 0.550281
1.388484 1.668246
1.338062 4.222358
8.536911 3.619613
4.436784 0.249048
8.235069 3.944863
8.531417 2.671170
3.816601 0.217393
6.976478 0.231544
4.842376 0.909430
1.697812 1.303142
0.939620 1.698669
1.304561 1.410065
0.520515 3.653255
4.130955 1.279081
0.636278 1.953423
1.224043 1.020383
3.815046 4.088756
1.217012 1.833723
7.070486 0.606979
6.837071 0.681356
6.723216 0.252731
0.000000 0.187500
0.230856 5.744827
8.778560 5.751889
7.996937 5.340920
8.752783 1.894567
4.575993 3.178415
4.944102 4.855310
6.520137 1.256414
5.947573 5.446493
7.185882 4.722925
9.000000 3.937500
5.032693 1.630596
4.724910 1.954899
2.651246 0.492782
3.781259 1.424421
3.412193 1.531168
7.555379 4.648385
7.961272 2.121293
4.063178 4.415837
3.972870 5.769701
4.112639 0.530576
4.112639 5.469424
0.250208 0.784243
0.515641 1.026510
4.123100 4.861337
6.835237 4.931015
0.904393 4.414044
3.873049 0.677470
6.916207 1.392514
3.218446 0.821595
9.000000 0.187500
8.773474 3.335912
0.229320 0.226792
7.449444 0.462590
0.917395 5.739584
3.213963 5.173421
5.724790 0.493501
7.532588 5.353631
2.390625 5.820217
4.359375 5.826831
4.550974 5.424508
8.695736 1.436515
4.965382 2.341444
8.493887 3.128907
0.000000 1.687500
0.223188 1.802100
3.397890 1.209205
5.484375 5.824834
5.704850 5.775157
8.078093 3.495130
5.264501 0.522312
1.288885 0.200421
5.140288 1.941482
2.811408 5.572132
4.281020 0.851640
4.222929 1.486095
4.576645 2.372712
5.712710 0.210873
8.433328 0.227344
5.732571 1.206857
7.160118 5.232584
8.455807 1.661769
6.017484 0.523079
6.046875 0.166063
7.304285 1.096408
6.297572 0.190534
6.388918 0.550319
4.575993 2.844860
9.000000 2.062500
2.667577 4.709661
2.714420 1.296969
2.722188 5.131658
3.005611 1.101286
6.212812 5.779825
4.688929 3.538510
0.275446 3.351637
0.833974 3.000000
0.527215 3.202767
0.527215 2.797233
0.961129 3.799513
1.807406 0.965559
2.329833 0.205936
2.866261 5.785927
6.914578 1.045208
8.566923 5.819438
0.505270 4.998702
3.928465 1.721314
6.621469 1.068526
4.088281 2.362323
4.451990 3.893162
4.661609 3.967299
4.354057 3.554370
4.642002 1.312890
6.207537 4.691839
6.385822 5.021653
1.544754 0.735613
1.352724 0.606241
0.248697 4.781514
1.925594 4.550943
8.778754 0.786422
8.528444 0.773570
8.465431 4.444135
4.277318 1.908769
0.209981 5.196108
6.146925 1.013864
4.209526 3.039346
0.428282 5.831338
7.182244 5.836766
3.954546 5.027750
4.488727 1.667072
8.443485 3.921533
7.575467 4.937789
1.828125 5.843158
3.903682 5.334806
6.876874 5.553937
6.890625 5.847556
0.713454 0.959585
0.868518 0.266285
6.505477 5.453671
0.957466 0.667657
8.783396 2.311054
8.070087 1.695164
4.992703 4.183691
8.187457 1.863859
5.986989 4.908770
6.156217 5.108792
2.374856 0.442629
5.203125 5.837087
0.403001 2.959506
7.734375 5.852461
7.453125 5.852461
7.683480 5.521631
0.472575 0.183222
4.542302 0.558481
4.629758 0.165483
4.812336 0.515051
0.687220 3.470244
5.354914 4.932819
5.746813 5.110817
7.948177 4.656677
9.000000 3.187500
2.032719 4.789910
5.654090 1.550870
5.534348 1.160087
5.360689 1.411205
8.817338 4.217133
4.023507 0.190146
7.758161 0.408817
7.762834 0.172955
7.453125 0.145437
1.182096 4.083421
9.000000 0.937500
8.772387 5.549139
8.819578 1.034232
4.384197 5.599713
8.318744 2.642877
4.401167 4.557251
4.524344 5.003997
4.383924 5.192628
7.632298 2.027954
1.622904 4.739634
2.953125 0.144910
4.640625 5.847967
7.170225 5.531750
1.333704 5.799579
4.786507 4.442640
4.551003 4.309308
3.523656 1.705838
0.502838 1.790549
4.650079 4.698421
1.909758 0.192578
0.205843 4.143561
0.000000 4.312500
3.953075 0.961174
5.012054 5.528973
5.365645 5.489976
5.555698 5.387712
2.671875 5.850897
5.781917 4.685419
6.609375 6.000000
6.539062 5.796295
2.139124 1.049468
3.146236 0.191623
0.401551 0.591835
7.858882 1.018690
2.060141 5.124859
5.272457 0.983203
5.005593 0.793804
5.026355 3.840782
4.389589 2.438269
1.033163 2.135899
0.289893 3.758124
7.499163 0.716293
3.494048 0.156212
7.600577 1.010054
3.772620 5.827191
3.023722 4.922593
7.655223 1.337722
2.840467 0.441165
3.719263 1.234669
7.882374 5.183372
4.798700 5.204496
7.809907 0.676245
1.341510 5.411087
5.901612 4.531500
7.469119 5.545651
9.000000 1.687500
7.413448 1.819922
9.000000 1.312500
3.362746 4.799983
8.799452 3.964681
5.751142 5.527433
6.301871 5.444297
2.390515 5.617787
8.198110 4.195273
0.543655 2.122635
0.737771 5.051347
4.348771 2.691697
0.000000 3.187500
0.996639 4.236488
0.000000 5.062500
5.167685 4.445833
5.312051 4.688492
5.514268 4.374767
8.300062 2.338919
0.874957 3.404768
0.874895 2.595122
6.690727 0.442422
0.000000 0.937500
9.000000 2.437500
1.154099 5.076156
1.993050 0.382751
2.846664 4.635366
8.153207 0.830258
2.079111 5.564277
7.469373 1.372281
0.946982 3.603396
0.631171 3.812304
4.622265 1.527864
6.021031 5.836307
3.723413 4.924126
1.264060 4.622520
7.794998 1.926067
2.338257 5.034987
8.004074 1.348721
2.595420 4.971451
8.308437 2.045054
8.029661 2.296554
2.017209 5.815088
0.988113 4.583630
9.000000 5.437500
0.000000 4.687500
0.163077 4.407335
8.774989 4.875005
0.000000 3.937500
0.000000 1.312500
0.000000 0.562500
9.000000 4.312500
9.000000 4.687500
9.000000 5.062500
9.000000 0.562500
0.000000 5.437500
0.000000 3.562500
9.000000 2.812500
0.000000 2.062500
0.000000 2.437500
0.000000 2.812500
9.000000 3.562500
0.000000 5.812500
9.000000 5.812500
3.365107 5.061349
7.137669 4.907268
0.826434 4.147684
8.807594 3.752161
4.446760 0.754556
4.402944 0.433295
0.864196 2.058799
0.812335 1.871800
4.184207 2.080104
7.833675 4.027406
7.969317 4.259486
4.817621 0.185379
0.432441 5.434080
4.314465 1.321488
0.984375 0.000000
7.103135 1.360220
0.886486 1.198476
1.054267 1.422941
0.757758 1.537756
1.406517 0.992681
5.001511 0.173863
8.065707 0.399768
8.280401 0.477109
3.136350 5.806252
3.209243 5.582996
0.860912 4.809736
0.632142 4.691209
0.727876 4.468135
7.246160 0.918543
0.405063 1.430316
0.162697 1.593750
8.578125 0.000000
4.763578 5.565146
8.569015 1.953034
8.581836 2.290580
3.200103 0.401492
2.806625 0.905223
4.228786 4.206800
3.400097 1.025715
4.661085 0.921331
3.141781 1.223122
1.728299 0.195687
0.911605 5.358497
5.471852 4.081611
8.240643 1.105515
1.731500 5.689019
7.769651 4.546719
7.879016 4.890085
6.575584 4.490389
8.188326 3.014242
7.984647 3.150974
1.845605 5.477566
3.565663 4.275207
8.843942 4.406250
8.628343 4.544725
8.509572 4.266206
8.839112 0.281250
3.708513 5.567984
3.521152 5.547717
7.138333 0.147581
1.119111 3.904498
4.980756 1.458167
6.609375 0.000000
6.558359 0.174985
8.829026 1.558563
7.157202 4.339797
7.160324 4.535105
8.296875 0.000000
8.504584 0.400739
4.793866 3.834614
5.338940 5.720566
3.157202 1.660203
6.600122 0.801874
2.671875 0.000000
5.038244 2.699601
7.339786 5.211404
0.353843 4.038100
1.542875 4.371905
3.923866 2.553259
3.984647 3.150974
4.754229 3.176966
1.471852 1.918389
2.575584 1.509611
8.153157 3.325627
1.745231 1.474788
1.703064 1.118266
5.410051 1.768533
4.062652 4.008401
8.142616 2.661573
4.107361 1.630716
1.175552 2.015514
3.760029 1.061580
8.325331 4.563355
3.465039 4.652591
3.461572 5.843537
4.449071 3.710455
2.508001 1.344157
3.189214 4.768533
4.879252 1.084205
4.294330 4.818422
6.235293 0.846960
4.863146 3.513230
6.867479 5.302729
0.606909 2.322838
1.232821 0.367826
5.307737 0.177173
5.614411 0.356647
1.083115 4.909902
4.041376 3.662047
1.011086 5.588336
3.877260 2.045283
4.853130 1.626386
8.837548 2.139587
2.958817 5.480266
6.346147 1.222572
7.393060 1.567770
7.751171 1.488702
7.428095 4.390445
7.611273 4.247432
4.130116 5.037010
8.033404 4.808882
6.274024 1.524905
0.217141 1.974371
3.501850 5.376537
6.562843 5.621006
5.360903 0.345523
8.328527 5.563222
0.497354 4.317262
2.639944 0.665171
2.389400 0.785898
0.181384 2.646755
8.110703 2.024503
4.841562 0.735270
2.032088 1.280582
6.501209 0.943973
2.274024 1.524905
2.335624 1.353639
1.625280 0.357611
2.682201 5.457055
7.058869 0.430376
7.277853 0.471917
5.726655 1.394728
5.025086 5.825555
4.359996 2.064668
0.685484 1.343208
2.392490 5.282867
1.717668 4.880565
3.111510 4.567151
3.157202 4.339797
3.306617 4.442309
7.561360 1.710994
8.859375 0.000000
0.140625 6.000000
8.859375 6.000000
4.809045 1.285530
6.328125 6.000000
5.383357 5.100191
3.473205 0.662160
3.507736 0.485081
4.078125 6.000000
0.173062 0.391260
5.610887 5.221402
5.067896 0.434931
8.142842 1.446452
4.126225 5.838814
0.287464 5.579652
0.627407 5.601829
8.393499 3.306481
6.996802 4.572659
6.829749 4.615342
1.932782 0.739911
5.275171 2.147494
2.073772 4.628012
1.441128 4.903516
8.064154 1.190972
5.400776 0.618411
1.609868 5.169452
0.984375 6.000000
6.575584 1.509611
6.670078 1.350008
8.050481 5.181558
0.798332 3.862199
2.092050 0.624891
5.878511 0.166063
3.753378 0.372007
2.614222 5.258131
4.695428 5.337687
0.139353 3.093750
8.356813 3.034348
4.359375 0.000000
4.280625 0.165796
7.909586 1.741545
5.980518 5.281641
2.484389 0.981032
4.697757 5.064042
3.587481 1.532021
4.975400 5.265541
5.070920 4.960562
8.338605 5.102062
8.401508 1.499531
8.297183 1.738235
1.905057 5.181537
8.563106 1.535652
8.573688 5.425769
8.837607 1.349332
8.566640 1.201841
0.927939 1.532113
3.659357 0.165543
2.601562 0.148284
1.043915 5.845864
3.864885 1.565282
8.099589 0.164066
6.374969 5.807239
6.596331 5.125095
6.287290 5.218203
5.279266 1.561509
5.710625 4.266435
7.761747 4.382900
3.922314 4.314923
8.598429 3.003266
3.653844 1.803395
2.503449 4.652619
2.306769 4.874689
8.177849 5.067516
0.922839 0.830979
8.186232 5.829425
5.398623 4.241853
0.163092 2.310259
6.841088 0.137438
8.174059 4.894553
3.920887 1.331588
4.082007 1.124686
8.833004 1.739233
4.840534 4.982813
6.026890 0.684713
0.140625 0.000000
4.407936 3.168011
1.755308 5.099466
3.742048 4.494557
7.422731 4.989177
5.858613 5.828106
2.640043 1.023783
7.363505 1.248302
8.322854 4.734385
8.070965 4.550445
6.613707 5.289901
3.253243 5.332654
7.680681 1.158289
8.609707 0.624978
0.135734 5.524750
0.146507 3.254828
6.914750 0.884849
7.071380 1.011623
7.177058 0.728659
7.631514 5.227636
4.181738 5.322272
6.534532 0.476585
2.177648 1.396870
2.296442 1.100507
7.157202 1.660203
1.780124 0.522665
8.029620 3.649690
0.147364 2.931397
0.387673 2.716101
4.117055 0.949807
4.206391 0.709964
7.413448 4.180078
4.045409 5.613860
4.030004 0.353045
0.768034 0.141337
3.792411 4.697627
4.024739 4.736163
1.236203 5.567730
1.235350 5.293168
3.086622 1.373703
7.373243 0.303108
3.910950 3.962613
6.506892 4.633973
0.996650 0.514031
1.230693 0.708447
5.460311 4.618267
5.613189 4.894838
4.414848 2.838796
0.557776 1.641369
4.351309 3.390021
8.496245 3.772444
3.404903 1.367064
2.251777 0.343412
0.302919 1.179491
5.880179 0.942278
1.469173 5.095624
4.802266 5.839508
1.297384 1.251740
1.027881 1.129281
7.295854 0.164828
5.655444 0.825468
8.623236 1.805422
4.634051 2.696930
4.856866 2.899772
4.871879 3.073044
4.575993 3.001812
5.137009 1.271538
4.226640 5.164368
3.601250 0.771038
3.610852 0.930366
2.953125 6.000000
0.485954 2.426259
0.385785 2.125795
8.090579 4.366936
2.731763 5.706797
0.599083 5.124117
3.690581 4.182284
3.917206 5.179305
6.328293 1.378082
4.920232 2.597888
5.888539 0.611673
6.934797 1.199227
5.302039 1.879842
5.089560 1.794907
3.315759 0.693835
8.453654 4.817288
4.529647 3.569586
8.033329 5.634970
4.443751 2.293166
1.068356 0.979844
3.620879 5.045766
3.569562 4.767570
1.091766 1.738570
7.890138 3.877374
4.382630 4.233194
4.250413 4.516171
8.657867 0.445892
0.621348 5.277161
5.638473 4.742528
8.363984 5.254167
0.158720 1.111884
3.234375 6.000000
8.332499 0.700403
8.483398 0.920752
8.824374 2.976423
8.610970 3.231586
8.181642 5.675691
8.607792 2.849707
8.878535 2.718750
0.368594 3.625180
3.816723 5.678752
5.203125 0.000000
5.154769 0.162035
4.250277 0.459510
7.632298 3.972046
1.561913 5.639483
8.789062 0.136289
8.352933 4.276894
7.923866 2.553259
2.938788 0.563540
1.544378 1.662398
1.464212 1.387176
5.431254 1.274398
2.107317 5.272594
7.159177 1.504983
# ---------- Faces (F table) ---------- 
414 499 1121
197 482 589
195 489 525
135 681 1022
184 1038 1071
123 896 1017
306 912 932
238 480 679
298 623 1017
203 412 609
329 525 891
198 581 582
329 516 1163
157 654 1085
18 19 481
125 615 1070
211 345 613
114 458 834
428 753 1117
202 372 733
221 852 858
272 712 713
31 32 859
477 1025 1045
151 413 542
229 414 579
294 546 808
124 693 906
150 593 726
331 1026 1146
380 657 841
279 512 840
153 353 731
244 491 1096
135 548 868
229 502 593
413 542 887
5 642 886
218 439 628
307 983 1097
336 1025 1045
134 377 758
324 1087 1140
411 715 741
166 424 661
246 468 520
149 379 553
451 890 974
323 484 1086
222 337 668
242 464 953
234 360 739
333 598 1006
264 457 458
234 474 739
351 964 1110
102 383 723
247 377 758
477 555 1025
224 510 659
134 377 659
227 478 623
87 440 846
263 554 784
263 512 783
638 862 1159
465 517 884
207 563 786
527 1099 1163
266 825 951
99 418 843
276 590 619
170 572 807
208 506 909
214 631 662
318 835 1059
326 922 1166
202 606 782
27 28 472
11 412 1081
418 1000 1048
212 536 764
319 544 624
70 361 467
287 504 663
295 472 1029
100 608 992
546 873 975
208 506 562
238 480 681
244 491 1102
310 577 695
225 567 863
193 560 653
250 673 762
250 774 988
108 511 1034
146 348 518
369 479 790
151 413 611
224 725 876
639 815 950
227 639 815
346 612 1151
114 501 934
344 420 763
289 553 853
367 751 1115
354 781 981
163 1006 1009
591 811 1072
537 569 967
162 454 828
80 454 1018
350 539 621
194 347 819
623 896 1017
455 845 1111
86 376 543
124 477 555
211 615 665
21 345 613
211 614 665
127 909 1052
143 610 776
128 334 587
128 672 939
373 807 1132
130 577 695
310 738 993
158 711 839
288 670 672
184 440 591
230 712 877
312 730 1014
247 760 1087
178 674 759
288 524 846
215 646 775
136 620 1058
599 1041 1122
208 597 909
137 390 667
97 365 617
157 429 515
139 259 698
220 550 663
397 494 701
212 603 1063
226 509 610
432 575 750
170 372 733
304 856 995
444 856 995
327 380 521
207 465 517
147 503 980
317 527 824
266 823 824
167 676 853
290 676 854
150 1089 1104
416 439 1091
325 542 1107
407 611 908
81 401 497
152 463 933
39 696 779
355 781 981
368 1036 1050
367 638 899
622 753 1117
200 740 1080
261 505 1067
430 656 1031
86 1001 1040
324 1088 1140
432 771 785
159 433 771
195 358 718
97 496 632
354 734 923
333 658 970
162 474 739
357 770 851
115 530 814
273 461 1090
114 436 809
165 462 622
214 507 630
342 1020 1052
62 379 924
167 853 1024
338 847 1081
455 583 845
312 991 1014
746 900 1133
176 900 1133
129 556 966
635 678 979
172 472 1029
300 603 1063
102 491 1102
97 505 1067
373 746 1133
477 1045 1077
214 661 662
59 507 630
103 450 514
738 1001 1040
179 444 692
145 380 841
236 515 720
194 1117 1139
237 538 643
206 463 933
185 369 479
261 707 768
440 591 811
529 592 820
206 539 621
185 434 1010
299 523 866
186 534 535
269 996 997
92 564 710
374 447 930
93 374 1132
16 516 1162
115 705 1090
268 727 813
190 420 481
264 501 934
298 704 1002
192 552 1093
236 429 515
236 425 720
492 819 1139
195 489 940
14 942 1064
209 641 907
229 482 549
229 502 549
232 530 752
311 511 1114
435 493 894
284 626 627
90 428 488
147 381 465
244 486 573
83 305 487
260 780 782
295 606 1028
160 1000 1065
287 418 935
272 713 748
204 509 776
149 553 648
366 899 1051
152 422 463
262 436 809
207 517 687
208 500 597
320 882 1046
319 544 986
43 985 986
205 737 1061
615 665 1070
211 344 613
141 396 600
212 409 602
148 365 826
91 459 823
166 424 675
58 59 630
113 441 646
197 441 918
216 1043 1107
593 726 1130
42 43 565
319 565 1123
33 34 435
218 439 915
162 445 474
274 498 698
473 852 1157
96 473 858
390 666 667
308 645 926
223 702 703
224 510 725
284 407 876
342 655 749
506 909 1052
227 427 815
7 625 885
228 415 625
197 482 549
229 482 579
204 585 748
357 470 1145
232 582 705
232 929 1114
124 561 1078
310 694 695
354 721 1054
234 360 729
155 406 479
181 538 805
196 491 1096
196 491 596
239 524 724
87 456 629
334 486 982
327 800 1150
145 380 521
307 953 1044
242 381 635
166 675 1088
94 509 545
201 573 1122
244 490 1041
144 619 714
590 619 1116
63 438 925
411 760 1087
248 469 708
264 708 883
249 830 1143
446 830 831
345 673 762
436 774 988
111 347 640
460 1095 1142
126 612 614
125 344 420
68 755 994
279 541 840
76 745 1011
348 518 810
69 677 1146
367 899 1051
280 518 810
258 688 690
104 356 636
220 498 550
139 498 698
96 433 858
295 780 782
174 496 944
261 707 848
250 616 988
262 687 867
333 658 1007
117 660 1007
165 457 458
264 457 789
265 563 786
462 832 833
164 461 951
164 459 951
291 595 875
189 516 533
133 285 522
133 522 683
282 576 691
282 699 1098
548 868 918
197 548 918
272 712 877
272 584 877
164 836 1095
274 719 842
99 371 448
260 608 992
619 714 1116
100 590 920
374 807 1132
277 816 817
277 468 520
117 840 1103
279 657 841
257 547 747
281 466 682
257 682 747
270 966 971
67 270 576
40 696 779
283 658 660
628 902 1128
151 628 1091
259 698 719
522 991 1014
171 446 831
99 418 935
287 418 936
524 724 939
87 524 846
290 419 648
289 553 924
320 419 1061
540 737 987
154 829 875
292 904 954
30 769 954
153 353 601
293 734 923
294 508 976
294 546 975
28 29 1028
295 606 782
332 711 839
310 577 993
192 552 1002
352 845 1111
8 9 478
552 704 1002
219 392 686
219 570 1082
136 879 941
300 483 603
13 889 903
253 346 612
125 420 1113
246 451 586
451 586 890
487 912 932
305 487 912
306 452 827
386 671 818
200 485 740
147 465 778
308 650 1119
93 374 447
309 564 710
309 591 1072
233 694 695
310 738 1001
311 511 1034
187 522 991
169 964 1126
90 488 767
313 503 914
480 893 1022
47 480 893
315 561 645
315 1077 1078
199 555 1025
112 626 627
213 484 1086
213 484 531
318 534 535
318 534 1060
136 620 624
319 620 624
500 597 882
320 419 648
131 670 812
187 351 564
322 558 1074
130 558 1062
97 496 1067
363 911 1085
178 543 1004
178 514 674
51 499 881
51 499 1105
217 822 1123
146 974 1147
331 580 1026
156 571 916
359 916 1079
489 525 891
329 516 1162
330 607 903
331 580 1147
146 348 568
230 664 949
132 362 664
658 660 1007
161 781 970
239 383 723
128 724 939
122 335 643
335 538 643
31 476 859
176 476 1045
205 337 668
152 422 540
412 847 1081
412 609 847
165 457 634
165 339 622
106 559 765
164 459 560
72 341 652
72 394 652
226 655 749
342 631 1021
210 384 644
127 341 651
420 481 763
19 481 763
250 616 773
126 345 673
191 436 774
194 339 640
194 347 640
256 348 568
29 606 1028
29 606 769
352 566 1126
352 964 1110
192 455 583
352 1110 1111
353 601 835
318 1058 1059
234 721 731
354 721 981
163 355 470
88 770 851
154 829 1144
356 636 1055
445 474 770
357 770 1144
183 467 768
418 936 1000
175 701 1079
78 397 701
98 570 729
219 686 1082
361 467 707
467 707 768
362 584 877
84 362 584
364 654 1076
429 654 1076
119 403 669
195 617 892
148 1099 1163
185 1005 1141
366 676 927
277 751 817
367 638 1159
155 1050 1127
406 479 790
422 1005 1141
45 46 370
168 371 566
371 448 566
276 590 920
100 372 453
372 453 572
374 572 1053
447 865 930
447 864 865
215 375 592
441 646 775
223 382 693
134 378 702
377 510 659
55 377 510
378 702 703
112 378 703
379 546 873
241 380 766
381 465 884
25 517 884
223 382 706
86 382 706
238 596 680
480 681 1022
210 384 700
101 384 700
179 521 1149
179 521 692
240 452 818
66 386 671
71 536 1035
388 716 717
267 828 829
267 828 1018
222 666 667
81 390 666
287 550 663
70 467 618
219 684 685
142 392 686
71 869 870
141 600 602
210 644 652
137 644 667
272 585 748
509 610 776
83 396 990
83 487 594
175 494 701
140 397 494
79 363 588
79 398 588
156 431 571
359 571 916
567 863 1158
291 863 1158
497 1129 1148
121 350 621
221 649 785
402 649 785
403 569 1042
286 446 901
129 556 732
405 699 1098
132 664 949
281 860 861
77 794 860
413 611 908
53 54 407
324 674 1088
57 411 741
95 483 603
201 599 1122
231 410 1012
231 470 1145
57 411 1023
11 12 412
330 1000 1048
325 542 887
52 53 413
325 499 604
499 604 1104
150 754 1089
6 415 442
439 628 1091
4 416 439
45 370 417
196 370 417
203 607 1048
160 936 1000
290 553 648
89 419 854
420 910 1113
190 420 910
421 1032 1148
401 497 1032
205 540 737
422 540 987
423 675 1088
103 712 713
424 661 662
243 424 999
106 425 559
303 937 1070
254 802 937
7 8 427
298 478 623
328 488 849
428 488 849
363 654 1085
157 429 654
484 656 1031
323 484 656
399 431 571
122 399 431
73 245 575
73 432 575
172 472 678
159 432 750
185 369 434
110 369 434
218 435 493
32 33 532
114 436 501
191 436 501
239 437 1108
135 868 1108
64 816 1156
438 816 817
34 439 915
4 34 439
87 440 456
184 440 456
271 868 918
113 502 549
5 6 442
293 772 922
161 781 923
36 444 856
36 37 444
454 828 1018
445 829 1144
286 864 865
85 446 901
93 447 650
188 447 650
274 498 735
169 449 842
312 449 730
169 964 965
296 514 1003
450 514 1003
146 451 974
246 647 1092
128 672 969
240 670 672
453 572 1053
276 830 831
219 360 684
80 454 685
192 455 736
192 551 736
215 456 629
123 529 592
74 457 788
265 833 834
165 462 833
459 560 653
193 430 653
273 461 836
75 581 837
273 705 1090
164 461 836
265 832 833
90 462 832
185 463 1010
206 463 1010
471 722 1165
433 1008 1165
207 778 786
207 465 778
116 862 1159
280 647 1092
183 504 663
183 663 1094
64 816 1135
246 586 1068
107 469 728
191 469 728
231 470 1012
163 470 1012
172 464 722
172 471 722
242 635 678
472 678 979
175 473 485
96 473 485
88 474 770
234 353 731
159 475 952
475 945 992
292 746 900
31 476 956
315 561 1078
176 1045 1077
227 478 917
8 478 917
185 368 479
368 1050 1127
46 47 679
47 480 679
481 727 813
18 481 727
49 482 978
209 544 624
209 483 907
91 823 1100
91 1100 1131
485 983 1097
96 485 983
102 334 486
334 587 982
201 594 913
173 486 573
503 767 914
328 740 1080
14 489 1064
14 15 489
490 641 907
196 490 641
102 491 680
491 596 680
156 492 973
237 492 973
493 844 1136
493 844 894
140 494 649
140 402 649
398 495 588
138 398 495
174 588 911
174 496 633
222 337 666
497 1032 1148
139 498 880
325 499 1105
149 546 808
149 379 546
469 708 883
264 501 883
502 593 1130
228 726 1130
200 485 1097
200 503 1097
160 358 504
358 504 989
358 977 989
97 505 977
506 1020 1052
177 506 1020
177 507 508
177 506 562
60 508 855
243 545 999
94 545 999
54 510 725
54 55 510
273 582 705
145 512 761
263 512 761
376 513 543
134 376 513
103 514 963
514 674 963
157 430 515
193 430 515
268 533 1134
189 533 1134
24 517 687
24 25 517
246 451 518
146 451 518
240 671 818
246 520 647
116 520 647
145 385 692
145 521 692
187 522 1075
522 683 1075
387 523 866
186 534 946
239 524 905
87 524 905
195 525 892
365 617 892
461 825 951
189 527 824
516 527 1163
189 516 527
107 346 728
346 728 1151
297 736 1037
184 529 1038
190 530 813
190 481 813
317 531 1099
317 527 1099
199 532 1083
199 844 894
17 533 888
268 727 897
98 570 947
98 534 947
300 483 879
186 536 764
523 536 1035
186 523 536
236 569 967
180 537 967
538 972 1056
237 538 972
206 539 689
182 539 689
337 497 1129
205 337 540
278 1039 1103
255 743 1039
151 542 1043
542 1043 1107
178 513 543
86 543 1040
417 921 1120
209 544 921
204 509 545
243 713 748
208 562 808
294 562 808
109 804 810
109 547 810
314 893 1022
197 589 1125
113 441 549
197 441 549
498 550 735
99 550 735
551 736 1037
123 551 1037
9 10 704
10 552 704
379 553 924
290 553 853
38 554 784
38 39 554
316 844 1136
124 693 1137
188 447 864
188 864 1152
321 683 1075
131 812 1155
322 558 691
188 558 1074
193 515 720
193 340 559
340 1095 1142
193 340 560
124 561 906
233 561 906
177 508 562
294 508 562
262 756 809
207 563 756
187 557 564
309 557 564
42 1066 1166
42 565 822
352 964 1126
168 583 845
2 567 958
256 568 677
403 569 669
236 569 669
219 360 570
360 570 729
399 984 1016
170 372 572
374 572 807
487 594 913
487 913 932
101 384 742
101 574 742
275 575 750
144 245 714
322 576 691
67 405 699
282 839 1098
130 558 691
278 578 871
598 1006 1009
49 482 579
49 50 579
304 890 974
179 444 995
273 582 837
581 582 837
198 582 929
198 801 929
338 552 1093
168 609 847
272 584 585
84 584 585
143 395 776
395 776 1047
65 586 1068
35 65 586
306 452 969
173 913 932
174 495 588
363 588 911
314 589 1125
48 893 1124
275 590 945
100 590 945
309 710 1071
131 811 1072
215 456 820
215 592 820
229 414 593
150 414 593
83 594 990
201 594 990
120 595 874
196 370 596
238 679 948
101 597 882
101 343 597
163 578 1009
541 1039 1103
201 409 599
95 409 599
409 600 602
201 409 600
326 772 922
326 772 1049
141 393 602
393 869 870
95 409 603
212 409 603
442 754 1089
216 442 1089
279 657 919
255 541 605
202 349 769
202 606 769
203 412 607
12 412 607
202 372 608
100 372 608
99 371 843
168 371 609
143 610 962
284 407 611
284 611 1128
302 994 1057
302 612 614
20 344 613
20 21 613
211 345 614
126 345 614
125 344 615
211 344 615
22 23 773
23 616 773
505 977 989
195 358 617
70 391 618
220 498 1015
620 1058 1059
217 620 1059
121 421 621
206 421 621
462 622 753
194 339 622
227 375 896
227 623 896
483 879 941
209 483 941
7 427 625
228 427 625
112 493 626
218 493 626
224 378 627
112 378 627
218 626 902
218 628 902
87 629 961
271 629 961
214 408 630
58 408 630
214 507 631
177 507 631
97 365 632
213 531 826
496 632 633
213 632 633
165 339 634
251 339 634
26 381 635
26 27 635
231 636 690
636 637 1055
231 636 637
281 638 862
155 406 861
227 375 639
113 375 639
251 339 757
45 417 928
196 417 641
5 442 642
216 442 642
237 431 643
122 431 643
137 394 644
394 644 652
561 645 926
308 645 1119
113 375 646
215 375 646
280 466 647
116 466 647
320 648 1046
149 648 1046
473 852 858
221 649 852
558 650 1062
188 558 650
343 597 909
210 343 651
341 651 652
210 651 652
91 1031 1131
91 459 653
79 363 821
226 655 931
610 962 1019
157 430 656
323 911 1085
105 605 919
105 657 919
161 443 998
161 658 998
134 378 659
224 378 659
283 554 938
283 660 938
166 408 661
214 408 661
631 662 1021
94 662 1021
618 663 1094
220 618 663
332 711 949
230 711 949
302 614 665
303 665 1069
337 497 666
81 497 666
384 644 667
222 384 667
574 668 742
205 574 668
119 429 669
236 429 669
240 519 812
240 670 812
240 519 671
66 519 671
240 452 672
452 672 969
250 528 673
126 528 673
324 674 759
423 674 1088
243 424 675
103 713 968
290 419 854
290 676 853
331 568 677
331 677 1146
172 464 678
242 464 678
46 370 948
46 679 948
239 383 1108
102 383 680
238 680 1164
238 681 1164
281 682 860
133 269 683
321 519 997
454 684 685
162 454 684
219 392 685
80 392 685
299 1082 1101
142 387 866
23 24 867
24 687 867
636 688 690
104 636 688
182 689 787
258 410 690
231 410 690
130 577 691
282 577 691
444 692 895
385 692 895
316 693 1137
223 693 703
233 382 694
86 382 694
308 650 1062
233 561 926
283 554 779
39 554 779
147 381 697
242 381 697
449 719 842
274 698 719
67 576 699
282 576 699
210 343 700
101 343 700
78 984 1016
359 701 1079
134 376 702
223 376 702
316 693 703
112 493 1136
298 704 1027
9 704 1027
115 530 705
232 530 705
223 376 706
86 376 706
138 707 848
138 361 707
248 708 709
74 709 789
74 457 789
297 529 1038
92 1110 1111
450 711 1003
230 450 711
230 450 712
103 450 712
243 675 968
243 713 968
245 575 714
275 575 714
408 715 741
166 408 715
72 341 717
72 716 717
226 717 931
341 717 931
160 358 718
301 943 1065
82 259 719
82 449 719
193 559 720
425 559 720
234 474 721
88 474 721
722 1008 1165
464 722 1008
239 334 723
102 334 723
128 334 724
239 334 724
407 725 876
54 407 725
415 442 754
228 415 726
17 18 897
18 727 897
528 728 1151
191 528 728
234 353 729
98 353 729
82 449 730
82 285 730
721 731 1054
153 731 1054
129 404 732
286 404 732
202 349 733
170 746 904
293 734 772
153 734 772
274 735 1161
99 735 1161
455 736 898
297 736 898
419 737 1061
89 419 737
296 738 1040
158 711 1003
360 684 739
162 684 739
175 485 740
328 916 1079
57 58 741
58 408 741
222 668 742
222 384 742
278 871 1039
76 871 1011
40 443 957
40 744 957
258 410 1011
258 745 1011
349 904 954
292 746 904
466 682 747
280 466 747
243 545 748
204 545 748
226 509 749
94 509 749
159 475 750
275 475 750
277 520 751
116 520 751
190 530 752
311 910 1113
90 462 753
90 428 753
415 726 754
150 726 754
755 994 1057
302 612 1057
262 687 756
207 687 756
339 640 757
111 640 757
178 513 759
134 513 758
513 758 759
247 758 759
56 760 1033
56 850 1033
145 385 761
263 761 784
21 345 762
21 22 762
19 20 763
20 344 763
186 535 764
300 535 764
340 559 765
252 792 1142
380 657 766
105 657 766
200 503 767
328 488 1080
183 505 768
261 505 768
29 30 769
349 769 954
445 770 1144
357 470 851
159 432 771
221 771 785
153 601 1049
153 772 1049
250 762 773
22 762 773
191 528 774
250 528 774
215 629 775
271 629 775
204 585 1047
204 776 1047
315 645 777
93 645 777
147 503 778
313 503 778
40 443 779
283 658 998
159 471 952
172 471 780
161 658 970
354 781 923
202 608 782
260 608 782
660 783 938
117 660 783
385 761 784
38 784 1160
73 432 785
73 402 785
313 778 786
265 786 832
434 689 787
110 434 787
457 634 788
251 634 788
708 709 789
264 708 789
235 790 795
235 369 790
107 469 791
248 469 791
460 792 1142
75 460 792
236 425 967
106 425 793
682 794 860
257 682 794
406 790 795
77 406 795
110 369 796
235 369 796
104 356 797
225 356 797
111 347 798
347 798 1056
253 346 799
107 346 799
327 1146 1149
241 800 1150
511 801 929
108 511 801
311 426 1034
426 802 937
303 665 1070
68 994 1069
348 804 810
256 348 804
0 805 959
350 539 960
182 539 806
170 746 807
373 746 807
149 500 808
208 500 808
563 756 809
114 563 809
547 747 810
280 747 810
131 670 811
288 670 811
321 812 1155
321 519 812
530 813 814
268 813 814
115 526 814
268 526 814
228 815 950
228 427 815
277 468 1135
277 816 1135
751 817 1115
167 817 1115
386 818 827
452 818 827
237 492 819
347 972 1056
184 529 820
184 456 820
363 654 821
364 654 821
565 822 1123
326 822 1049
317 823 1100
317 823 824
189 824 1013
266 824 1013
189 526 1013
115 526 825
213 632 826
365 632 826
118 386 827
912 1153 1154
445 828 829
162 445 828
267 595 829
595 829 875
144 619 1112
276 619 830
100 453 920
171 930 1053
313 786 832
90 767 914
165 458 833
458 833 834
114 563 834
265 563 834
98 534 1060
98 353 835
75 460 837
460 836 1095
460 836 837
273 836 837
291 595 838
120 595 838
282 577 839
158 738 993
512 783 840
117 783 840
145 512 841
279 512 841
169 448 842
274 448 842
371 609 843
203 609 843
316 555 844
199 555 844
168 566 845
352 566 845
440 811 846
288 811 846
168 583 847
338 583 847
174 495 944
138 495 848
156 492 849
428 492 849
55 377 1033
55 850 1033
355 470 851
88 721 981
494 649 852
494 852 1157
438 817 1024
167 817 1024
676 854 927
89 854 927
59 507 1084
59 855 1084
36 856 857
304 856 857
35 586 890
433 771 858
221 771 858
32 859 1118
336 859 1118
77 406 860
406 860 861
155 638 861
281 638 861
116 466 862
281 466 862
225 356 863
291 875 1138
286 732 1152
286 864 1152
286 446 865
171 446 865
299 866 1101
686 1082 1101
262 616 867
23 616 867
437 905 961
437 868 1108
212 602 870
393 602 870
71 536 870
212 536 870
76 743 871
743 871 1039
62 379 872
61 873 975
61 872 873
379 872 873
267 595 874
80 389 1018
356 1055 1138
154 637 1055
224 627 876
284 627 876
362 664 877
230 664 877
338 552 878
10 552 878
300 535 879
136 535 879
498 880 1015
391 880 1015
499 881 1121
50 881 1121
320 574 882
101 574 882
191 469 883
191 501 883
25 26 884
26 381 884
415 625 885
6 415 885
416 642 886
4 416 886
51 52 1106
52 413 887
516 533 888
16 516 888
607 889 903
12 607 889
35 857 890
304 857 890
15 489 891
329 891 1162
148 525 892
148 365 892
47 48 893
314 893 1124
199 894 1083
435 894 1083
37 444 895
385 784 1160
123 592 896
375 592 896
268 533 897
17 533 897
92 710 898
297 710 898
155 638 899
366 1036 1050
292 476 900
176 476 900
286 404 901
85 404 901
284 902 1128
284 626 902
330 943 1065
330 903 943
170 733 904
349 733 904
239 437 905
87 905 961
382 693 906
233 382 906
95 490 907
95 483 907
53 413 908
53 407 908
343 651 909
127 651 909
311 752 910
190 752 910
174 633 911
323 633 911
305 912 1153
201 573 913
173 573 913
90 832 914
313 832 914
218 435 915
34 435 915
156 849 916
328 849 916
227 427 917
8 427 917
441 775 918
271 775 918
279 541 919
541 605 919
453 831 920
276 831 920
417 641 921
209 641 921
744 922 957
41 744 922
161 443 923
293 443 923
289 924 925
289 853 1024
63 925 1073
233 926 1109
308 926 1109
366 927 1036
89 927 1036
417 928 1120
44 928 1120
232 582 929
511 929 1114
171 865 930
374 930 1053
127 655 931
127 341 931
173 587 932
306 587 932
206 421 933
152 1129 1148
114 458 934
264 458 934
287 550 935
99 550 935
160 504 936
287 504 936
303 803 937
254 803 937
263 783 938
263 554 938
288 524 939
288 672 939
195 718 940
301 718 940
136 624 941
209 624 941
301 943 1064
13 903 943
13 942 943
942 943 1064
495 848 944
261 848 944
275 475 945
100 945 992
186 523 946
299 523 946
534 946 947
299 946 947
238 596 948
370 596 948
132 405 949
332 839 1098
113 639 950
113 502 950
459 823 951
266 823 951
471 780 952
260 780 952
307 697 953
242 697 953
292 476 956
292 954 956
30 954 955
954 955 956
31 955 956
293 922 957
293 443 957
567 958 1158
400 958 1158
538 805 959
335 538 959
539 806 960
3 806 960
437 868 961
271 868 961
388 717 1019
388 962 1019
423 674 963
103 963 968
187 351 991
351 964 965
169 449 965
312 449 965
322 576 971
270 576 971
425 793 967
180 793 967
423 963 968
423 675 968
306 587 969
128 587 969
355 781 970
333 970 1006
556 966 971
322 556 971
347 819 972
237 819 972
156 431 973
237 431 973
304 580 974
580 974 1147
60 508 976
60 61 976
61 975 976
294 975 976
358 617 977
97 617 977
482 589 978
48 589 978
27 635 979
27 472 979
147 697 980
307 697 980
88 851 981
355 851 981
173 587 982
173 486 982
307 983 1044
96 983 1044
359 701 1016
78 701 1016
44 544 985
544 985 986
319 565 986
43 565 986
89 737 987
422 1005 1030
262 616 988
262 436 988
183 505 989
183 504 989
396 600 990
201 600 990
351 965 991
312 965 991
475 952 992
260 952 992
158 839 993
577 839 993
302 665 1069
302 994 1069
179 580 995
304 580 995
66 519 996
519 996 997
321 683 997
269 683 997
283 779 998
443 779 998
424 662 999
94 662 999
330 607 1048
330 1000 1065
310 694 1001
86 694 1001
192 551 1002
298 551 1002
158 738 1003
296 738 1003
178 514 1004
296 514 1004
368 1005 1030
185 368 1005
355 970 1006
163 355 1006
333 598 1007
117 598 1007
96 433 1008
464 953 1044
278 578 1009
278 598 1009
434 689 1010
206 689 1010
578 871 1011
410 578 1011
410 578 1012
163 578 1012
526 825 1013
266 825 1013
285 730 1014
285 522 1014
220 618 1015
391 618 1015
399 571 1016
359 571 1016
298 551 1017
123 551 1017
389 874 1018
267 874 1018
226 610 1019
226 717 1019
342 631 1020
177 631 1020
342 749 1021
94 749 1021
314 548 1022
135 548 1022
411 760 1023
56 760 1023
289 925 1024
438 925 1024
336 532 1025
199 532 1025
179 580 1026
327 521 1149
298 478 1027
9 478 1027
295 472 1028
28 472 1028
295 780 1029
172 780 1029
422 987 1030
89 987 1030
91 653 1031
430 653 1031
121 421 1032
121 401 1032
247 760 1033
247 377 1033
426 802 1034
108 802 1034
71 387 1035
387 523 1035
368 1030 1036
89 1030 1036
297 529 1037
123 529 1037
297 710 1038
710 1038 1071
255 541 1039
541 840 1103
543 1004 1040
296 1004 1040
95 599 1041
95 490 1041
537 569 1042
1 537 1042
416 642 1043
216 642 1043
464 1008 1044
96 1008 1044
476 859 1045
336 859 1045
500 882 1046
149 500 1046
84 395 1047
84 585 1047
418 843 1048
203 843 1048
217 822 1049
217 601 1049
366 899 1050
155 899 1050
366 676 1051
167 676 1051
127 655 1052
342 655 1052
171 831 1053
453 831 1053
354 734 1054
153 734 1054
154 875 1055
875 1055 1138
181 538 1056
181 798 1056
253 612 1057
253 755 1057
136 535 1058
318 535 1058
601 835 1059
217 601 1059
98 835 1060
318 835 1060
205 574 1061
320 574 1061
233 695 1109
130 695 1062
212 764 1063
300 764 1063
489 940 1064
301 940 1064
301 718 1065
160 718 1065
922 1066 1166
41 922 1066
496 944 1067
261 944 1067
246 468 1068
64 65 1135
68 803 1069
303 803 1069
426 937 1070
125 426 1070
309 591 1071
184 591 1071
309 557 1072
131 557 1072
924 925 1073
62 924 1073
322 556 1074
188 556 1074
321 557 1075
187 557 1075
119 429 1076
119 364 1076
315 777 1077
176 1077 1133
477 1077 1078
124 477 1078
328 740 1079
175 740 1079
488 767 1080
200 767 1080
338 878 1081
11 878 1081
570 947 1082
299 947 1082
33 532 1083
33 435 1083
508 855 1084
507 508 1084
323 656 1085
157 656 1085
323 633 1086
213 633 1086
324 759 1087
247 759 1087
166 715 1140
166 1088 1140
604 1089 1104
216 604 1089
461 825 1090
115 825 1090
416 1043 1091
151 1043 1091
246 518 1092
280 518 1092
338 583 1093
192 583 1093
183 467 1094
467 618 1094
340 560 1095
164 560 1095
244 490 1096
196 490 1096
503 980 1097
307 980 1097
332 949 1098
405 949 1098
531 826 1099
148 826 1099
531 1100 1131
317 531 1100
142 866 1101
142 686 1101
102 486 1102
244 486 1102
117 598 1103
278 598 1103
150 414 1104
414 499 1104
51 1105 1106
325 1105 1106
52 887 1106
325 887 1106
216 604 1107
325 604 1107
383 681 1108
135 681 1108
695 1062 1109
308 1062 1109
351 564 1110
92 564 1110
92 898 1111
455 898 1111
619 830 1112
249 830 1112
125 426 1113
311 426 1113
232 752 1114
311 752 1114
367 1051 1115
167 1051 1115
275 714 1116
275 590 1116
194 819 1139
194 622 1117
32 532 1118
336 532 1118
93 650 1119
93 645 1119
544 921 1120
44 544 1120
414 579 1121
50 579 1121
244 1041 1122
244 573 1122
319 620 1123
217 620 1123
48 589 1124
314 589 1124
197 548 1125
314 548 1125
448 566 1126
169 448 1126
155 479 1127
368 479 1127
151 628 1128
151 611 1128
337 540 1129
152 540 1129
228 950 1130
502 950 1130
484 1031 1131
484 531 1131
373 777 1132
93 777 1132
777 1077 1133
373 777 1133
268 526 1134
189 526 1134
65 1068 1135
468 1068 1135
112 703 1136
316 703 1136
124 555 1137
316 555 1137
291 863 1138
356 863 1138
428 1117 1139
428 492 1139
411 1087 1140
411 715 1140
185 463 1141
422 463 1141
252 765 1142
340 765 1142
446 830 1143
85 446 1143
154 637 1144
357 637 1144
357 637 1145
231 637 1145
327 800 1146
69 800 1146
331 568 1147
146 568 1147
152 933 1148
421 933 1148
1026 1146 1149
179 1026 1149
327 380 1150
241 380 1150
126 612 1151
126 528 1151
188 556 1152
556 732 1152
118 827 1154
118 1153 1154
306 912 1154
306 827 1154
131 557 1155
321 557 1155
438 816 1156
63 438 1156
175 494 1157
175 473 1157
291 838 1158
400 838 1158
367 751 1159
116 751 1159
385 895 1160
37 895 1160
274 448 1161
99 448 1161
15 891 1162
15 16 1162
148 525 1163
329 525 1163
383 681 1164
383 680 1164
159 471 1165
159 433 1165
42 822 1166
326 822 1166
# ---------- Vector field (U table) ---------- 
0.999629 -0.027239
0.999999 0.001209
0.998705 0.050874
1.000000 -0.000847
0.998281 0.058616
0.999912 0.013302
0.981683 0.190521
0.999561 0.029614
0.999988 0.004925
0.999325 0.036748
0.999543 -0.030231
0.999973 -0.007340
0.998600 -0.052896
0.998271 0.058784
0.999998 -0.002014
1.000000 -0.000059
1.000000 0.000014
0.999708 0.024180
0.998785 -0.049271
0.999991 -0.004143
0.999057 -0.043427
0.965822 -0.259207
0.999860 -0.016717
0.998992 -0.044878
0.999988 0.004982
0.998956 -0.045685
0.993758 -0.111553
0.999486 -0.032051
1.000000 0.000483
0.995531 -0.094433
0.598701 0.800973
0.911614 0.411047
0.992601 -0.121421
0.968335 0.249655
0.999938 0.011158
0.999974 -0.007238
0.999999 -0.001720
0.999987 -0.005089
0.999896 -0.014420
0.997624 -0.068897
0.999721 -0.023630
0.999952 0.009761
0.994925 -0.100621
0.992251 -0.124252
0.965281 -0.261213
0.879562 -0.475784
0.987274 0.159027
0.954363 0.298651
0.997688 0.067967
0.985902 0.167326
0.997132 -0.075688
0.979889 -0.199543
0.990434 0.137988
0.999924 0.012316
0.975975 -0.217883
0.998882 0.047284
0.991755 0.128149
0.999901 0.014044
0.999436 -0.033589
0.999943 0.010675
0.999316 -0.036974
0.999999 -0.001510
0.996398 0.084794
0.864026 0.503448
0.880123 0.474747
0.982095 -0.188386
0.998674 0.051484
0.999582 0.028917
0.999655 0.026258
0.999992 -0.003909
0.999187 0.040313
0.999644 -0.026689
0.999634 -0.027058
0.999692 -0.024807
0.991635 -0.129070
0.997864 -0.065320
0.978563 0.205947
0.999026 -0.044130
0.999269 0.038216
0.990231 0.139440
0.999064 0.043250
0.998503 0.054698
0.999290 0.037663
0.999970 0.007770
0.998789 0.049189
0.998095 -0.061698
0.998824 -0.048475
0.958494 -0.285112
0.999152 0.041178
0.999943 -0.010714
0.983175 0.182667
0.993681 -0.112242
0.999544 -0.030202
0.998152 0.060769
1.000000 0.000684
1.000000 -0.000933
1.000000 0.000067
0.787563 -0.616234
0.996408 0.084685
1.000000 0.000136
0.999998 0.001884
0.999999 0.001516
0.999923 -0.012448
1.000000 0.000237
0.999932 0.011626
1.000000 -0.000181
0.976601 -0.215060
0.952177 -0.305547
0.997411 0.071916
0.998671 0.051547
0.995242 0.097437
0.998196 0.060045
0.986789 -0.162010
0.987932 -0.154888
0.997849 0.065561
0.998625 -0.052428
0.999594 0.028477
0.999876 0.015738
0.997390 -0.072207
0.999322 -0.036821
1.000000 -0.000004
1.000000 -0.000028
1.000000 0.000004
0.999978 -0.006674
0.997172 -0.075153
0.977249 0.212094
0.986524 0.163619
0.999446 -0.033291
0.993876 -0.110500
0.991077 -0.133293
0.986871 -0.161513
0.991304 0.131592
0.996357 0.085280
0.977170 -0.212459
0.999233 0.039157
0.999955 -0.009524
0.995502 -0.094740
0.991895 0.127059
0.999529 0.030694
0.996430 0.084422
0.981299 0.192488
0.998510 0.054565
0.999905 0.013800
0.995246 0.097390
0.997900 0.064772
0.999972 0.007542
0.999693 0.024795
0.999928 -0.011959
0.998867 0.047599
0.996011 -0.089232
0.999805 -0.019755
0.999973 -0.007303
0.993756 -0.111576
0.965176 -0.261603
0.986590 -0.163217
0.996548 0.083020
0.999200 -0.039999
0.999743 0.022672
0.999978 0.006579
0.981718 -0.190344
0.997945 0.064077
0.999995 0.003049
0.999928 -0.011983
1.000000 -0.000374
0.999998 0.002122
0.992767 0.120053
0.986599 0.163164
0.834736 0.550650
0.999794 -0.020315
0.998642 0.052104
0.998468 -0.055330
0.998833 -0.048290
0.997554 -0.069894
0.999011 0.044463
0.998767 0.049635
0.994279 -0.106818
0.989546 -0.144221
0.999669 -0.025722
0.998752 -0.049951
0.994960 0.100273
0.997270 0.073841
0.991296 0.131654
0.988994 0.147958
0.977378 -0.211502
0.995842 -0.091102
0.999991 -0.004296
0.999501 -0.031597
0.999981 0.006175
0.999048 -0.043629
0.996772 -0.080284
0.986940 -0.161089
0.932119 -0.362153
0.983998 -0.178180
0.999804 -0.019780
0.999575 0.029162
0.998878 0.047359
0.999381 -0.035179
0.999970 -0.007777
0.999189 -0.040275
0.999777 -0.021129
0.997652 -0.068489
0.997121 0.075831
0.968967 0.247190
0.997722 0.067458
1.000000 0.000745
0.999544 -0.030201
0.941101 -0.338127
0.990621 -0.136640
0.985506 -0.169638
0.993852 -0.110716
0.957809 -0.287404
0.974236 -0.225531
0.997754 0.066978
0.998994 -0.044839
0.998979 -0.045172
0.990157 0.139960
0.998787 0.049240
0.999566 0.029466
0.996292 0.086041
0.998884 0.047221
0.995400 0.095810
0.996200 0.087097
0.999352 -0.036001
0.998008 -0.063091
0.998803 0.048919
0.999020 0.044264
0.998391 -0.056697
0.998983 -0.045085
0.999421 -0.034021
0.999967 -0.008067
0.999998 0.001829
0.999990 -0.004555
0.999910 0.013453
0.999296 0.037526
0.996802 0.079912
0.998196 0.060037
0.998939 0.046047
0.998582 -0.053230
0.997638 0.068689
0.997940 -0.064154
0.935735 0.352704
0.999156 -0.041074
1.000000 0.000027
1.000000 0.000543
1.000000 -0.000015
0.999986 0.005252
1.000000 -0.000449
0.997663 -0.068323
1.000000 -0.000136
0.952702 0.303905
0.994041 0.109003
0.998306 -0.058176
0.999991 0.004188
0.997847 0.065591
0.998800 0.048970
0.979935 -0.199319
0.985324 -0.170692
0.998679 -0.051375
0.999317 -0.036953
0.973690 0.227877
0.999999 -0.001059
0.999990 0.004435
0.994359 0.106070
0.995465 0.095130
0.942156 0.335173
0.992290 0.123935
0.984445 0.175694
1.000000 -0.000016
1.000000 -0.000004
0.999977 0.006828
0.998461 0.055460
0.997923 0.064425
0.999618 0.027640
0.986053 -0.166433
0.999982 0.005932
0.999836 0.018124
1.000000 0.000398
1.000000 -0.000498
0.999997 0.002394
0.976019 0.217685
0.926973 0.375128
0.997870 -0.065235
1.000000 -0.000844
0.959137 -0.282941
0.999831 0.018384
0.999352 -0.035990
0.997832 -0.065806
0.997783 0.066555
0.998018 -0.062935
0.998954 -0.045727
0.999954 0.009642
0.999998 0.002200
0.983615 -0.180280
0.996575 -0.082689
1.000000 0.000464
0.999960 0.008915
0.999972 0.007501
0.999934 0.011454
0.999980 0.006373
0.983369 -0.181620
0.997621 -0.068934
0.999843 -0.017726
1.000000 -0.000506
0.999665 -0.025901
0.995419 -0.095606
0.993251 -0.115986
0.974299 -0.225261
0.998280 0.058618
0.996904 -0.078634
0.970018 0.243033
0.988618 0.150446
0.989083 0.147357
0.998486 0.055007
0.977369 0.211542
0.497388 0.867528
0.883272 0.468861
0.997485 -0.070872
0.997887 -0.064980
0.971331 -0.237733
0.953618 -0.301020
0.959916 0.280289
0.930068 0.367387
0.999972 -0.007461
0.999769 -0.021476
0.846591 -0.532244
0.999273 0.038116
0.999937 0.011192
0.999965 0.008361
0.999944 -0.010617
0.999299 -0.037442
1.000000 0.000147
1.000000 0.000504
0.999016 -0.044359
0.999931 0.011763
1.000000 0.000189
1.000000 -0.000850
1.000000 0.000005
0.905035 0.425337
0.999651 0.026404
0.695392 -0.718631
0.165500 -0.986210
0.983570 -0.180528
0.823385 -0.567482
0.999285 -0.037803
0.997144 -0.075521
0.999527 0.030759
0.999918 0.012806
0.997552 -0.069927
0.997478 -0.070978
0.998869 0.047552
0.999596 0.028440
0.999990 0.004512
0.999987 -0.005151
0.967140 0.254244
0.967465 0.253006
0.999695 0.024712
0.999788 0.020570
0.999702 0.024424
0.999497 -0.031717
0.999999 -0.001006
0.999984 -0.005674
0.993069 -0.117536
0.999111 -0.042156
0.999517 0.031089
0.999351 0.036020
0.992935 -0.118658
0.993546 -0.113434
0.999912 0.013281
0.999927 0.012121
0.979029 -0.203721
0.978498 -0.206257
0.999984 0.005640
0.999763 0.021753
0.998747 0.050048
0.999118 -0.041996
0.999806 -0.019707
0.999367 -0.035585
0.999711 -0.024037
0.897274 -0.441475
0.882983 -0.469405
0.923329 0.384010
0.913590 0.406636
0.998921 -0.046432
0.998325 -0.057859
0.998742 -0.050145
0.998996 -0.044799
0.998519 -0.054402
0.823422 0.567430
0.928142 0.372226
0.999995 -0.003040
0.999991 -0.004125
0.999972 0.007433
0.998369 0.057089
0.999441 -0.033441
0.998949 0.045825
0.998774 0.049498
0.989914 0.141669
0.995234 0.097516
0.999652 0.026382
0.981283 -0.192569
0.979034 0.203699
0.983336 0.181795
0.989453 -0.144854
0.999695 -0.024709
0.980814 -0.194945
0.991282 -0.131756
0.999420 0.034061
0.946603 -0.322403
0.947885 -0.318614
0.999944 -0.010607
0.998412 -0.056340
0.983893 -0.178756
0.992029 -0.126006
0.998664 0.051669
0.999630 0.027182
0.998860 0.047732
0.995487 0.094895
0.997992 -0.063347
0.994399 -0.105695
0.999062 0.043307
0.987841 0.155469
0.999362 0.035705
1.000000 0.000083
1.000000 -0.000809
0.947742 -0.319038
0.969290 -0.245919
0.993792 0.111253
0.992814 0.119670
0.982041 0.188669
0.996059 0.088693
0.996071 -0.088558
0.999893 0.014637
0.997998 -0.063241
0.999053 -0.043506
0.997153 0.075405
0.996976 0.077706
0.995897 -0.090489
0.993461 -0.114172
1.000000 -0.000108
0.998625 0.052421
0.999330 0.036610
0.996999 -0.077413
0.999406 -0.034463
0.998765 -0.049681
0.999764 0.021702
0.998867 -0.047597
0.999749 -0.022383
0.999976 -0.006939
0.999999 -0.001500
0.997693 0.067892
0.996624 0.082099
0.999809 -0.019561
0.996748 -0.080583
0.992373 0.123275
0.876212 0.481925
0.996663 0.081626
0.988009 0.154396
0.992893 0.119011
0.998115 0.061374
0.996710 -0.081052
0.996399 -0.084789
0.997667 0.068267
0.998274 0.058724
0.992123 -0.125267
0.989250 -0.146237
0.999965 -0.008334
0.999912 -0.013289
0.867016 0.498280
0.995531 0.094437
0.999306 0.037260
0.998746 -0.050068
0.999089 -0.042671
0.999981 0.006227
0.999367 -0.035587
0.999996 -0.002654
0.992160 0.124977
0.762699 -0.646754
0.986166 -0.165759
0.997032 -0.076983
0.911877 0.410463
0.999175 0.040617
0.993765 0.111497
0.988133 0.153600
0.999095 -0.042528
0.998907 -0.046743
0.999417 -0.034136
0.999696 -0.024661
0.986354 0.164639
0.966021 0.258464
0.999931 0.011751
0.999825 -0.018707
0.999929 -0.011912
0.999509 -0.031325
0.998045 0.062493
0.999426 0.033881
0.999864 0.016472
0.999994 -0.003366
0.995768 -0.091899
0.966214 -0.257740
0.997293 0.073525
0.999645 0.026625
1.000000 -0.000606
1.000000 -0.000225
1.000000 0.000572
1.000000 0.000453
1.000000 -0.000384
0.998671 -0.051542
0.998097 -0.061659
0.505152 -0.863031
0.992186 -0.124765
0.994684 -0.102978
0.999716 0.023820
0.999065 0.043231
0.999851 0.017239
0.999491 0.031890
0.999909 -0.013522
0.999723 0.023549
0.985517 -0.169575
0.988673 -0.150083
0.999357 -0.035856
0.985075 -0.172124
0.989345 -0.145590
0.993938 -0.109939
0.981266 -0.192656
0.984655 -0.174511
0.999360 0.035761
0.998410 0.056367
0.999015 -0.044374
0.999927 -0.012075
0.984694 -0.174292
0.995994 -0.089424
0.999965 0.008345
0.999572 0.029257
0.995063 -0.099241
0.995533 -0.094410
0.999620 0.027561
0.999711 0.024055
0.999330 0.036608
0.995397 0.095834
0.999890 0.014839
0.995661 0.093052
0.997826 0.065906
0.909156 -0.416456
0.965720 -0.259587
0.999673 0.025559
0.999976 -0.006879
0.992896 0.118985
0.998850 -0.047943
0.999554 0.029862
0.999746 0.022522
0.999497 -0.031698
0.998916 -0.046556
0.999708 -0.024151
0.999324 -0.036751
0.998788 -0.049219
0.998266 -0.058868
0.999542 0.030271
1.000000 0.000252
0.999203 -0.039911
0.999444 -0.033337
0.999471 -0.032521
0.999170 -0.040738
1.000000 -0.000583
0.999815 -0.019219
0.999270 0.038208
0.980723 -0.195406
0.996015 0.089182
0.999584 0.028843
0.998870 -0.047532
0.998530 -0.054205
0.994365 0.106014
0.999510 0.031309
0.996509 0.083490
0.995527 0.094473
0.872714 0.488232
0.999983 0.005792
0.987024 0.160570
0.995959 0.089811
0.999934 -0.011495
0.999996 0.002679
0.988138 -0.153566
0.987032 -0.160522
0.995279 0.097059
0.999011 0.044470
0.998798 0.049015
0.999960 0.008996
0.994636 -0.103441
0.999528 -0.030730
0.999998 -0.002149
0.998845 0.048042
0.999214 0.039629
0.998743 0.050118
0.963417 -0.268006
0.997139 -0.075593
0.999221 0.039453
0.992448 0.122667
0.999106 -0.042284
0.999940 -0.010962
0.999713 0.023936
0.999875 0.015816
0.998034 -0.062672
0.998558 -0.053686
0.999757 -0.022041
0.998755 -0.049893
0.990170 0.139866
0.997519 0.070391
0.999702 -0.024397
0.999975 -0.007125
0.998353 0.057362
0.999887 -0.015013
0.999295 -0.037548
0.996850 -0.079307
0.995611 -0.093589
0.999907 -0.013642
0.999573 -0.029233
0.999972 0.007482
0.993204 0.116386
0.993040 -0.117780
0.990468 0.137745
0.966047 0.258365
0.971130 0.238552
0.996156 -0.087600
0.997907 -0.064660
0.996615 0.082213
0.993361 0.115040
0.998974 0.045287
0.999995 0.003259
0.999379 0.035249
1.000000 -0.000025
0.999998 0.001887
1.000000 0.000247
0.999970 -0.007730
0.999999 -0.001430
0.999999 -0.001698
0.999898 -0.014315
0.993114 0.117155
0.999263 0.038396
0.997861 0.065366
0.990115 0.140256
0.999425 0.033921
1.000000 -0.000402
1.000000 -0.000308
0.993546 0.113428
0.994498 0.104752
0.983738 0.179610
0.987020 0.160596
0.985867 -0.167532
0.978487 -0.206309
0.984853 -0.173390
0.966027 -0.258441
0.998826 0.048437
1.000000 -0.000041
1.000000 -0.000001
0.998598 0.052929
0.999751 0.022315
0.997490 -0.070808
0.998486 -0.055004
0.998192 0.060113
0.998223 0.059583
0.997625 0.068883
0.996557 0.082908
0.999769 -0.021496
0.999661 -0.026032
0.999973 -0.007363
0.999938 -0.011164
0.991965 -0.126515
0.999366 -0.035613
0.993044 0.117740
0.999596 0.028414
0.999583 -0.028878
0.999538 -0.030404
0.999784 0.020765
1.000000 -0.000831
0.994176 0.107771
0.997472 0.071059
0.855973 -0.517021
0.896343 -0.443361
0.999909 0.013481
0.998692 -0.051130
0.996227 0.086790
0.998196 0.060036
0.999820 0.018970
0.999999 0.001658
0.999442 0.033412
0.990227 0.139464
0.988016 0.154353
0.986474 -0.163916
0.999904 -0.013847
0.994521 -0.104532
0.975572 -0.219680
0.998755 -0.049884
0.999837 -0.018074
0.997407 -0.071974
0.998393 -0.056673
0.999470 0.032545
0.999359 0.035812
0.999597 0.028386
0.999075 0.042993
0.987496 -0.157642
0.985595 -0.169124
0.899986 -0.435919
0.893765 -0.448536
0.982995 0.183632
0.988350 0.152198
0.999096 -0.042507
0.999680 -0.025308
0.984229 -0.176898
0.995137 -0.098496
0.999582 0.028924
0.999930 0.011863
0.998185 0.060223
0.999550 0.030009
0.999999 0.001221
0.999966 0.008205
0.999997 -0.002329
0.999682 0.025218
0.998597 0.052961
0.999980 -0.006376
0.999962 -0.008665
0.999810 -0.019483
0.999992 -0.003879
0.999999 0.001045
0.999602 -0.028212
0.991788 0.127894
0.992524 0.122052
0.998412 -0.056333
0.997586 -0.069445
0.999136 0.041563
0.999798 0.020098
0.968023 -0.250860
0.958747 -0.284260
0.998459 0.055495
0.999678 0.025367
0.964929 -0.262510
0.886460 0.462805
1.000000 -0.000321
1.000000 0.000544
0.997615 -0.069020
0.999998 0.002210
0.995931 -0.090117
0.996668 -0.081559
0.999960 -0.008925
0.999191 -0.040224
0.997702 -0.067754
0.997226 -0.074434
0.997424 -0.071735
0.996920 -0.078428
0.998560 -0.053645
0.998878 -0.047355
0.999806 -0.019721
0.990716 -0.135949
0.999563 -0.029576
0.999065 -0.043231
0.999937 -0.011253
0.999999 0.001420
0.989672 0.143353
0.999720 0.023668
0.998102 -0.061585
0.996149 -0.087682
0.999988 -0.004884
0.999995 -0.003195
0.992013 -0.126132
0.942653 0.333773
0.933870 0.357612
0.999074 0.043025
0.999127 0.041780
0.996429 -0.084438
0.996655 -0.081725
0.980303 0.197499
0.979343 0.202204
0.985291 0.170886
0.967389 0.253297
0.997928 -0.064342
0.997608 -0.069120
0.993306 -0.115517
0.994242 -0.107157
0.963255 0.268587
0.972806 0.231622
0.990497 0.137535
0.984171 0.177221
0.997487 -0.070849
0.997972 -0.063658
0.999968 0.008022
0.999988 0.004977
0.999938 -0.011132
0.999957 -0.009256
0.999910 0.013426
0.999925 0.012273
0.999320 0.036870
0.997890 0.064925
0.984846 0.173432
0.995608 0.093619
0.999969 0.007888
1.000000 -0.000698
0.982320 0.187210
0.943543 -0.331250
0.999998 0.001910
0.999984 0.005732
1.000000 0.000695
0.999992 0.003941
0.997388 -0.072234
0.996856 -0.079234
0.996624 0.082107
0.997684 0.068024
0.997383 0.072293
0.997703 0.067734
0.997734 -0.067275
0.992909 -0.118880
0.901743 -0.432273
0.974502 -0.224380
0.992492 -0.122311
0.958507 -0.285070
0.987598 -0.157002
0.999956 0.009366
0.980984 0.194086
0.999864 -0.016467
0.866917 0.498453
0.878624 0.477515
0.996381 -0.084994
0.999722 -0.023592
0.982085 -0.188436
0.989992 -0.141122
0.997982 0.063505
0.997622 0.068922
0.999994 -0.003471
0.999661 -0.026031
0.999983 0.005847
1.000000 0.000616
0.838005 -0.545663
0.854883 -0.518822
0.992926 0.118737
0.872800 -0.488078
0.904187 -0.427137
0.961563 0.274583
0.861145 -0.508359
0.997134 0.075652
0.997842 0.065668
0.999552 -0.029931
0.999672 -0.025612
0.993562 0.113288
0.994545 0.104310
0.997721 0.067476
0.997724 0.067434
0.999933 -0.011559
0.998473 -0.055240
0.998381 -0.056882
0.998410 -0.056362
1.000000 -0.000040
1.000000 0.000230
0.999599 0.028310
0.998968 0.045417
0.999999 -0.001451
0.999999 0.001022
0.998780 0.049377
0.999910 0.013449
0.999710 -0.024095
0.999864 0.016518
0.999943 -0.010689
0.999967 -0.008077
0.994328 -0.106361
0.993863 -0.110618
0.985983 0.166847
0.999926 -0.012127
0.999847 -0.017510
0.999821 -0.018927
0.997934 0.064241
0.997894 0.064859
0.998487 -0.054997
0.997635 -0.068741
0.995134 0.098526
0.999084 0.042802
0.993636 0.112640
0.964912 0.262574
0.998210 0.059809
0.997553 0.069917
0.999976 -0.006989
1.000000 0.000326
0.997128 -0.075741
0.994829 -0.101565
0.989753 0.142791
0.963919 0.266195
0.989520 -0.144394
0.952631 -0.304127
0.999916 -0.012985
0.999543 -0.030215
0.970602 -0.240689
0.993451 -0.114262
0.999968 0.007967
0.999665 0.025890
0.999998 -0.002226
0.999776 0.021171
0.999685 0.025100
0.999128 0.041763
0.999299 0.037431
0.999809 0.019537
0.999414 0.034235
0.998397 0.056607
0.924922 -0.380157
0.994403 -0.105655
0.917212 0.398400
0.898182 0.439624
0.999962 -0.008739
0.999012 -0.044442
0.997359 -0.072628
0.998577 -0.053338
0.997399 0.072084
0.994883 0.101030
0.994653 -0.103277
0.997534 -0.070179
0.998122 0.061260
0.998087 0.061824
0.999929 0.011877
0.999333 0.036529
0.998694 -0.051083
0.998960 -0.045589
0.999754 -0.022173
0.984618 -0.174723
0.999876 0.015774
0.999491 0.031891
0.996448 0.084210
0.997633 0.068761
0.940026 0.341102
0.928013 0.372549
0.999147 0.041291
0.999757 0.022043
0.999946 -0.010410
0.653182 0.757201
0.999134 0.041600
0.998685 0.051259
0.983685 -0.179899
0.986515 -0.163671
0.999900 -0.014134
0.999395 -0.034792
0.999300 -0.037406
0.989007 0.147872
0.978062 0.208314
0.987355 0.158524
0.985642 0.168850
0.999795 -0.020227
0.999983 -0.005907
0.995437 -0.095425
0.996935 -0.078232
0.987506 -0.157584
0.994348 -0.106167
0.999905 0.013805
0.993420 0.114530
0.989647 -0.143520
0.999999 -0.001003
0.998636 -0.052208
0.999852 -0.017178
0.999874 -0.015902
0.999665 -0.025865
0.999928 -0.012002
0.999999 -0.001008
0.996495 0.083651
0.999749 0.022411
0.991952 -0.126618
0.990082 -0.140489
0.999988 -0.004799
0.999101 -0.042398
0.975072 0.221888
0.993921 -0.110096
0.985045 0.172295
0.981814 0.189843
0.999300 0.037419
0.999449 0.033178
0.999766 0.021619
0.999777 0.021140
0.999220 -0.039477
0.999311 -0.037118
0.998611 0.052694
0.994982 0.100058
0.999343 0.036242
0.999398 0.034690
1.000000 -0.000183
0.999994 -0.003556
0.998746 0.050071
0.990715 0.135953
0.997231 -0.074371
0.988729 0.149715
0.998155 -0.060719
0.993101 0.117260
0.992822 0.119601
0.999406 0.034470
0.986864 0.161551
0.983265 0.182181
0.955059 0.296416
0.997235 0.074308
0.984894 0.173159
0.928486 0.371366
0.999069 -0.043146
0.999999 -0.001603
0.999996 -0.002903
0.990577 0.136954
0.984791 0.173741
0.999991 0.004125
0.999995 0.003141
0.908156 0.418632
0.989899 0.141777
1.000000 0.000892
0.999606 -0.028072
0.999711 -0.024039
0.993960 0.109741
0.999029 -0.044051
0.999649 -0.026475
0.999818 0.019053
0.999971 0.007610
0.999988 -0.004936
0.999612 0.027871
1.000000 -0.000231
1.000000 0.000008
1.000000 0.000051
1.000000 0.000052
1.000000 0.000009
1.000000 0.000154
1.000000 0.000079
1.000000 -0.000045
1.000000 -0.000131
0.999999 0.001707
0.999991 0.004255
0.998238 0.059345
0.995769 0.091895
0.999970 0.007741
0.999892 0.014693
0.999977 -0.006777
0.995984 0.089534
0.994200 0.107544
0.992778 0.119964
0.999183 -0.040413
0.999169 -0.040759
0.999839 0.017953
0.999998 0.002036
0.987821 0.155594
0.970200 0.242306
0.999785 0.020751
0.999758 0.022008
0.999987 0.005151
0.999960 -0.008892
1.000000 0.000196
0.999981 0.006216
0.999995 -0.003113
0.999977 -0.006725
0.996924 0.078379
0.999030 0.044035
0.957973 -0.286860
0.996910 0.078551
0.935416 -0.353549
0.998006 -0.063124
0.996570 0.082756
0.997177 0.075085
0.997568 0.069707
0.996411 0.084649
0.999882 -0.015346
0.999984 -0.005569
0.989017 0.147802
0.994527 0.104481
0.996252 -0.086499
0.990047 -0.140736
0.998424 -0.056117
0.998486 -0.055000
0.996086 -0.088390
0.999994 -0.003605
0.999997 0.002546
0.998913 -0.046611
0.999900 -0.014166
0.969487 0.245144
0.999996 -0.002793
0.999993 0.003823
0.997611 -0.069087
0.999775 -0.021225
1.000000 0.000510
0.999618 0.027628
0.998546 -0.053901
0.998118 -0.061324
1.000000 0.000063
0.999906 0.013706
0.827934 -0.560826
0.899659 -0.436593
0.987862 0.155332
0.996479 0.083844
0.998816 -0.048656
0.999695 -0.024705
0.996638 -0.081932
0.995965 -0.089744
0.998410 0.056369
0.999204 0.039891
0.999990 0.004536
0.998719 0.050594
0.997847 0.065592
0.998363 0.057202
0.999793 0.020361
0.998728 -0.050425
0.999417 -0.034128
0.996790 0.080055
0.998402 0.056502
0.988921 0.148446
0.987205 0.159456
0.956872 0.290511
0.978495 0.206270
0.999999 0.001535
0.999690 -0.024918
0.878981 0.476858
0.902561 0.430562
0.987531 -0.157422
0.991996 -0.126266
0.930133 -0.367223
0.983031 -0.183439
0.999700 0.024481
0.999607 0.028040
0.987396 -0.158268
0.982263 -0.187509
1.000000 0.000049
1.000000 -0.000003
0.977174 0.212440
0.997646 0.068572
0.996991 0.077511
0.991372 0.131079
0.986114 0.166069
0.972763 0.231801
0.999603 0.028193
0.998047 0.062469
0.992346 0.123488
0.991850 0.127410
0.990224 0.139489
0.997562 0.069787
0.986884 0.161430
0.983883 0.178813
0.999999 0.001708
1.000000 0.000367
0.992185 -0.124777
0.979948 -0.199255
0.969148 -0.246481
0.971295 -0.237880
0.999211 0.039713
0.998969 -0.045395
0.632950 -0.774192
0.951420 0.307896
0.997193 -0.074870
0.992954 -0.118504
0.994123 -0.108259
0.999900 -0.014131
0.993612 0.112852
0.986999 0.160724
0.995299 0.096851
0.995438 0.095413
0.989306 -0.145855
0.999057 0.043422
0.996746 0.080613
0.984253 -0.176766
0.983497 -0.180927
0.990271 -0.139152
0.998161 -0.060612
0.997984 -0.063469
0.999998 -0.001901
1.000000 0.000067
0.999924 0.012302
0.999813 -0.019358
0.999983 -0.005853
0.998619 0.052545
0.999414 -0.034240
0.999998 -0.002154
0.993180 -0.116592
0.992367 -0.123316
0.997856 -0.065455
0.923363 0.383929
0.999828 -0.018549
0.999715 -0.023890
0.997636 -0.068714
0.996537 -0.083146
0.996557 -0.082911
0.997692 -0.067908
0.911898 0.410417
0.804708 0.593671
0.999997 -0.002310
0.999628 -0.027282
0.999350 0.036058
0.999680 0.025281
0.998725 -0.050482
0.991398 -0.130883
0.994939 0.100484
0.994145 0.108051
0.999917 -0.012897
0.999087 -0.042713
0.999424 -0.033935
0.999896 -0.014391
0.999885 -0.015137
0.999961 0.008832
0.999896 0.014453
0.999987 0.005113
0.999864 -0.016463
0.999994 -0.003406
0.998568 -0.053499
0.998189 -0.060160
0.999919 0.012751
0.999965 0.008372
0.999989 0.004748
0.999977 0.006849
0.999674 0.025527
0.999555 0.029834
0.999266 0.038302
0.982760 -0.184888
0.983092 -0.183110
0.977570 -0.210612
0.976523 -0.215414
0.972025 -0.234878
0.983421 -0.181339
0.999986 -0.005273
0.999855 -0.017039
0.999976 -0.006970
0.987219 -0.159371
0.999864 -0.016463
0.999996 0.002663
0.999018 -0.044305
0.999999 -0.001531
0.996860 0.079178
0.995460 0.095180
0.999914 0.013129
0.999900 0.014120
0.998810 0.048779
0.997582 0.069503
0.984633 -0.174635
0.976629 -0.214930
0.997438 -0.071536
0.997013 -0.077230
0.985607 0.169053
0.982569 0.185898
0.985402 0.170243
0.988214 0.153078
0.999963 0.008594
0.999104 0.042321
0.999947 0.010315
0.999820 0.018981
0.999925 -0.012232
0.999997 0.002612
1.000000 0.000389
1.000000 0.000489
0.954482 -0.298267
0.987164 -0.159707
0.999816 0.019173
0.999762 0.021799
0.991770 -0.128029
0.982031 -0.188720
0.999568 -0.029392
0.999469 -0.032592
0.999087 -0.042728
0.999968 0.007994
0.967820 0.251644
0.998808 -0.048809
0.999368 0.035537
0.999682 0.025202
0.999404 0.034532
0.999287 0.037747
0.989620 0.143707
0.974838 0.222913
0.991743 -0.128239
0.986892 -0.161380
0.977905 -0.209049
0.978631 -0.205623
0.998309 -0.058122
0.998139 -0.060980
0.993890 0.110376
0.999154 -0.041134
0.988340 0.152264
0.992572 0.121659
0.996772 0.080280
0.999910 -0.013389
0.836735 0.547609
0.881659 0.471887
0.999882 0.015391
0.999361 -0.035754
0.999204 -0.039893
0.999197 -0.040058
0.963560 -0.267492
0.996759 -0.080444
0.975008 -0.222171
0.962273 -0.272085
0.985600 -0.169093
0.988763 -0.149491
0.999157 -0.041060
0.999243 -0.038908
0.900428 -0.435004
0.898163 -0.439662
1.000000 0.000204
1.000000 -0.000362
0.998375 -0.056989
0.998559 -0.053656
0.999968 -0.008005
0.999956 0.009391
1.000000 0.000010
1.000000 0.000018
1.000000 0.000385
0.999599 0.028308
0.999587 -0.028720
0.998430 -0.056008
0.995616 -0.093538
0.998643 -0.052072
0.999685 -0.025079
0.999238 -0.039027
0.999937 -0.011215
0.999996 -0.002867
0.882353 0.470589
0.883402 0.468616
1.000000 0.000286
1.000000 0.000761
1.000000 -0.000598
1.000000 -0.000377
0.999942 0.010748
0.999130 0.041716
0.999594 0.028503
0.999859 0.016781
0.785500 0.618862
0.995492 0.094847
0.997318 -0.073188
0.997354 -0.072701
0.998821 0.048548
0.998895 0.047002
0.995510 -0.094659
0.999972 -0.007521
0.988943 -0.148293
0.986416 -0.164268
0.999322 -0.036807
0.999551 -0.029950
0.997074 -0.076438
0.997441 0.071496
0.999999 0.001466
1.000000 -0.000128
0.999999 0.001301
0.999999 0.001143
0.999658 0.026145
0.998555 0.053732
0.993576 -0.113166
0.998166 -0.060531
0.999524 -0.030867
0.998661 -0.051731
0.999132 -0.041650
0.999720 -0.023646
0.908240 0.418449
0.914444 0.404713
0.998652 -0.051902
0.996347 -0.085397
0.953261 0.302149
0.999557 0.029757
0.999339 -0.036346
0.998510 -0.054560
0.885647 0.464359
0.875009 0.484107
0.931675 0.363294
0.999918 -0.012784
0.999928 -0.011970
0.999963 -0.008574
0.999652 -0.026392
0.999993 -0.003656
0.998158 0.060675
0.999007 0.044562
0.999811 0.019416
0.999771 -0.021387
0.999743 0.022680
0.999931 0.011760
0.999736 -0.022964
0.997712 0.067605
1.000000 0.000440
1.000000 0.000436
0.999972 -0.007462
0.999986 0.005245
0.997569 0.069685
0.997926 0.064367
0.999905 -0.013766
0.997351 -0.072739
0.998545 0.053924
0.997888 -0.064954
0.997747 0.067088
0.999991 0.004268
0.999156 -0.041078
0.998229 -0.059482
0.997368 -0.072510
0.999139 -0.041493
1.000000 0.000041
1.000000 0.000040
0.999683 0.025173
0.970753 0.240080
1.000000 -0.000624
1.000000 -0.000007
1.000000 -0.000137
1.000000 -0.000002
1.000000 -0.000024
1.000000 0.000002
0.914471 -0.404651
0.991774 0.128003
0.996192 -0.087181
0.999462 0.032802
0.999207 0.039819
0.999951 -0.009909
0.999821 -0.018929
0.994528 0.104469
0.999710 0.024076
0.999788 0.020608
0.999529 0.030678
0.988236 -0.152936
0.946316 -0.323244
0.993594 0.113013
0.992322 0.123679
0.995979 0.089584
0.992090 0.125531
0.999989 -0.004733
1.000000 -0.000278
0.999659 -0.026125
0.999876 -0.015772
0.999998 0.002051
0.999939 0.011045
0.878903 -0.477001
0.879486 -0.475925
0.955115 -0.296235
0.970188 -0.242355
0.996703 0.081132
0.992301 0.123848
0.997595 -0.069309
0.999032 -0.043998
0.999257 0.038544
0.997901 0.064762
0.999771 0.021407
0.999757 0.022031
0.995089 -0.098988
0.957404 0.288751
0.999643 0.026726
0.999773 0.021283
0.999224 -0.039390
0.999816 -0.019203
0.999321 -0.036845
0.999557 -0.029771
0.997243 0.074209
0.995978 0.089599
0.993794 0.111236
0.995109 0.098782
0.978227 -0.207538
0.977783 -0.209620
0.989806 -0.142423
0.984208 -0.177017
0.999974 -0.007148
0.999625 -0.027370
0.999648 -0.026549
0.999271 -0.038178
0.999694 -0.024731
0.998879 -0.047328
0.999999 0.001601
0.999914 0.013140
0.999878 0.015627
0.999791 0.020439
0.997000 -0.077405
0.975392 -0.220477
0.999643 -0.026712
0.999958 -0.009170
1.000000 -0.000898
0.999705 -0.024304
0.991020 -0.133716
0.997882 -0.065047
0.991375 -0.131056
0.991239 -0.132080
0.847149 0.531355
0.932678 0.360709
0.826198 0.563380
0.815987 0.578071
0.999283 0.037851
0.999096 0.042503
0.999376 0.035329
0.999998 -0.001964
0.999503 -0.031538
0.999936 -0.011306
0.999974 0.007167
0.999359 0.035811
0.994613 0.103657
0.993842 0.110810
0.999982 -0.005919
0.999703 0.024378
0.999398 0.034692
0.999916 0.012982
0.998466 -0.055371
0.996875 -0.078998
0.998429 -0.056026
0.999977 0.006789
0.999910 -0.013385
0.998114 -0.061391
0.999605 -0.028110
0.999437 -0.033556
0.959970 -0.280104
0.952804 -0.303586
0.999818 0.019088
0.999138 0.041524
0.997187 -0.074955
0.997696 -0.067839
0.999979 0.006447
0.991599 -0.129347
0.979854 -0.199715
0.998645 -0.052036
0.998981 -0.045124
0.999999 -0.001151
0.999988 -0.004926
0.999835 -0.018185
0.999326 -0.036714
0.998505 -0.054663
0.996511 -0.083459
0.970943 -0.239309
0.970289 -0.241951
0.999284 -0.037844
0.994886 -0.101007
0.999178 -0.040545
0.998247 -0.059181
0.998546 -0.053907
0.998762 -0.049743
0.999401 -0.034595
0.999378 -0.035273
0.999983 0.005875
0.999998 -0.001967
0.995167 0.098196
0.997827 0.065888
0.999443 0.033360
0.999793 0.020328
0.999954 0.009630
0.999990 0.004541
0.999564 0.029516
0.999994 -0.003490
0.928620 -0.371031
0.953697 -0.300770
0.961297 -0.275513
0.885839 -0.463994
0.985814 -0.167840
0.995973 -0.089656
0.996501 -0.083586
0.994405 -0.105633
0.999993 -0.003870
0.999997 0.002372
0.985562 -0.169316
0.992343 -0.123513
0.993566 0.113254
0.993115 0.117147
0.999627 0.027292
0.990834 0.135088
0.999976 0.006952
0.999968 0.007957
0.999930 -0.011861
0.999936 -0.011313
0.983387 0.181519
0.986337 0.164742
1.000000 0.000790
0.999992 0.004018
0.997015 0.077207
0.997276 0.073766
0.999866 0.016356
0.999934 0.011483
0.999998 -0.002010
0.999899 -0.014187
0.999998 0.002201
0.999983 0.005813
0.999669 -0.025736
1.000000 -0.000777
0.997352 0.072724
0.996714 0.080996
0.993768 -0.111468
0.979264 -0.202588
0.993708 -0.112003
0.997212 -0.074622
0.998941 0.046019
0.996235 0.086690
0.999999 -0.001087
0.999651 0.026418
0.999955 0.009501
0.999954 -0.009567
0.997839 0.065703
0.918381 0.395697
0.999524 0.030853
0.999999 -0.001247
0.999987 -0.005045
1.000000 -0.000296
0.998821 0.048537
0.999307 0.037225
0.995940 -0.090021
0.997815 0.066068
0.997908 -0.064644
0.997777 -0.066634
0.999846 -0.017560
0.999761 -0.021840
1.000000 -0.000830
0.999995 -0.003240
0.998319 0.057956
0.997187 0.074952
0.999743 -0.022669
0.999927 0.012085
0.995478 0.094995
0.996947 0.078082
0.998779 -0.049405
0.998580 -0.053271
0.944527 0.328434
0.993609 0.112876
0.999334 0.036483
0.999957 0.009222
0.998030 0.062740
0.999948 -0.010170
1.000000 -0.000167
0.999999 -0.001270
0.998167 0.060518
0.997514 0.070467
0.998055 0.062332
0.970997 0.239092
0.976393 0.216000
0.998654 -0.051872
0.999860 -0.016728
0.999769 -0.021514
0.999910 -0.013406
0.998043 -0.062538
0.997802 -0.066264
1.000000 0.000540
0.999954 0.009565
0.999645 0.026654
0.999983 0.005884
0.978475 0.206366
0.995725 0.092373
0.999303 -0.037342
0.999373 -0.035394
0.981576 0.191075
0.981849 0.189667
0.851470 0.524403
0.894003 0.448062
0.951783 0.306773
0.953170 0.302434
0.925679 -0.378309
0.982953 -0.183855
0.887143 -0.461495
0.997584 -0.069464
0.997271 -0.073827
0.999226 0.039341
0.998856 0.047822
0.999963 0.008606
0.999880 0.015502
0.999999 -0.001690
1.000000 -0.000021
0.999211 -0.039716
0.998975 -0.045271
0.998849 -0.047969
0.999155 -0.041096
0.970480 0.241183
0.978475 0.206363
0.986791 0.162000
0.992998 0.118131
0.999863 0.016557
0.999867 0.016290
0.999223 0.039417
0.999362 0.035728
0.998214 0.059748
0.998717 0.050647
1.000000 -0.000012
1.000000 -0.000002
0.870639 0.491922
0.907690 0.419641
0.992061 0.125760
0.989235 0.146338
0.997269 0.073855
0.994472 0.105006
0.958571 0.284852
0.956671 0.291172
0.998165 0.060559
0.999980 0.006249
0.999899 -0.014239
0.999236 -0.039088
0.999451 0.033137
0.999477 0.032351
0.999333 -0.036509
0.999206 -0.039841
0.998931 -0.046224
0.997871 -0.065217
0.995179 -0.098073
0.997630 -0.068803
0.992737 0.120301
0.989283 0.146010
0.992708 -0.120543
0.988497 -0.151237
0.999985 -0.005526
0.999998 -0.001800
0.999700 0.024498
0.999997 -0.002488
0.997789 -0.066457
0.998456 -0.055547
0.997148 -0.075468
0.997084 -0.076311
0.998339 -0.057605
0.995207 -0.097793
0.992479 -0.122411
0.988213 -0.153083
0.995547 -0.094271
0.937827 0.347104
0.960364 0.278749
0.999750 -0.022376
0.999765 -0.021675
0.999558 -0.029742
0.998219 -0.059663
0.999890 0.014814
0.999947 0.010276
0.998474 0.055229
0.997927 0.064361
0.999670 -0.025706
0.999995 0.003074
0.988161 -0.153421
0.983958 -0.178402
0.997418 0.071812
0.998738 0.050233
0.998846 0.048025
0.998728 0.050427
0.996306 -0.085877
0.998627 -0.052387
0.999128 0.041752
0.997867 0.065277
0.979613 -0.200892
0.979587 -0.201023
0.977463 0.211106
0.983849 0.178999
0.998006 0.063115
0.987856 0.155372
0.998933 -0.046186
0.997181 -0.075033
0.998191 -0.060124
0.998717 -0.050645
0.998987 -0.044993
0.999219 -0.039524
0.979534 0.201278
0.992029 -0.126010
0.968468 -0.249138
0.986946 -0.161052
0.912313 -0.409495
0.986827 -0.161780
0.995967 0.089724
0.996591 0.082503
0.999966 0.008222
0.995460 -0.095177
0.999470 0.032543
0.999731 0.023181
0.997822 -0.065961
0.998099 -0.061628
0.997713 -0.067588
0.999283 -0.037855
0.976010 0.217724
0.975101 0.221762
0.996620 -0.082147
0.997035 -0.076951
0.999237 -0.039048
0.999858 -0.016828
0.998025 0.062815
0.998819 0.048587
0.985105 0.171952
0.992513 0.122141
0.992433 0.122790
0.990395 0.138268
1.000000 -0.000690
0.999999 -0.001663
0.998853 0.047874
0.999052 0.043543
0.999244 0.038871
0.997865 0.065308
0.998248 0.059176
0.998704 0.050902
0.998979 -0.045177
0.998531 -0.054191
0.987068 -0.160299
0.990688 -0.136152
1.000000 0.000003
1.000000 0.000008
0.998098 -0.061643
0.999960 -0.008891
0.997720 0.067496
0.996858 0.079206
0.996823 0.079655
0.998356 0.057322
0.916160 0.400813
0.895268 0.445528
0.956869 -0.290518
0.946796 -0.321834
0.998209 0.059817
0.996626 0.082079
0.994169 -0.107829
0.996508 -0.083495
0.997438 0.071537
0.998655 0.051850
0.986826 -0.161785
0.991120 -0.132973
0.992532 -0.121983
0.992580 -0.121595
0.994592 0.103858
0.995590 0.093812
0.998266 0.058860
0.995667 0.092990
0.997052 0.076723
0.935908 0.352244
0.996829 -0.079575
0.995970 -0.089683
0.995727 0.092348
0.998101 0.061602
0.994680 0.103009
0.995788 0.091682
0.999555 0.029843
0.999907 -0.013641
0.999125 0.041823
0.999694 -0.024746
0.999179 -0.040501
0.999923 -0.012419
0.999914 0.013112
0.999721 0.023604
0.999867 0.016307
0.999989 0.004668
0.999575 -0.029147
0.999564 -0.029521
0.999592 0.028573
0.998537 0.054076
0.997802 -0.066265
0.992311 -0.123768
0.999131 -0.041671
0.999774 -0.021245
0.977378 -0.211500
0.870596 -0.491999
0.986953 -0.161006
0.953811 -0.300408
0.999432 -0.033706
0.999494 0.031800
0.999510 0.031295
0.999779 0.021002
0.945406 -0.325896
0.953622 -0.301008
0.999985 -0.005565
0.999989 0.004752
0.996019 -0.089136
0.864996 0.501778
0.999981 -0.006182
0.999998 -0.001933
0.991809 -0.127726
0.999903 -0.013908
0.997476 -0.071010
0.997081 -0.076352
0.992482 0.122394
0.991846 0.127442
0.999106 0.042282
0.997704 0.067732
0.994218 0.107377
0.992646 0.121051
0.999891 0.014756
0.999895 -0.014508
1.000000 0.000052
1.000000 0.000086
0.999998 0.001901
0.999952 -0.009764
0.993890 0.110376
0.992286 0.123974
0.999142 0.041419
0.999228 0.039283
0.998963 0.045535
0.998615 0.052608
0.999390 0.034931
0.998179 0.060315
0.994327 -0.106364
0.992555 -0.121801
0.984617 0.174728
0.982792 0.184717
0.999362 0.035720
0.996627 0.082070
0.999967 -0.008171
0.999999 0.001252
0.997117 -0.075879
0.997241 -0.074231
0.994444 -0.105270
0.999835 -0.018160
0.985989 0.166811
0.999547 0.030089
0.998550 -0.053835
0.998033 -0.062695
0.999297 0.037492
0.999385 0.035069
0.993639 -0.112609
0.992465 0.122530
0.999064 -0.043248
0.999910 -0.013448
0.993607 -0.112895
0.995173 -0.098136
0.998897 -0.046962
0.996083 -0.088420
0.999004 -0.044626
0.999302 -0.037365
0.999431 -0.033741
0.999640 0.026823
0.987902 -0.155077
0.994129 -0.108198
0.998897 -0.046945
0.998841 -0.048130
1.000000 0.000024
1.000000 0.000014
0.999996 0.002674
0.998542 -0.053988
0.999979 -0.006533
0.992095 -0.125488
0.995631 -0.093372
0.995360 -0.096223
0.988303 0.152504
0.992112 0.125356
0.996648 -0.081803
0.995136 -0.098513
0.999736 0.022987
0.999085 0.042778
0.996042 0.088888
0.998740 0.050174
0.997972 0.063649
0.996260 0.086404
0.905540 0.424260
0.911552 0.411184
0.998816 0.048644
0.999033 0.043962
0.903839 -0.427872
0.824388 -0.566026
1.000000 0.000000
1.000000 -0.000009
1.000000 -0.000063
1.000000 -0.000258
0.996848 0.079336
0.998059 0.062272
0.995740 0.092209
0.994686 0.102954
0.849966 -0.526838
0.907780 -0.419447
0.996548 -0.083021
0.997332 -0.073002
0.995920 0.090241
0.997448 0.071398
0.999523 0.030872
0.999763 0.021754
0.999358 -0.035836
0.999259 -0.038483
0.999177 -0.040563
0.999560 -0.029658
0.997809 -0.066161
0.998519 -0.054407
0.997775 -0.066673
0.996933 -0.078259
0.989454 0.144849
0.992557 0.121777
0.994579 -0.103980
0.997406 -0.071976
0.999899 0.014196
0.999847 -0.017482
0.994112 -0.108360
0.998857 0.047803
0.997864 0.065319
0.998082 0.061904
0.997684 0.068026
0.997965 0.063770
0.997037 -0.076925
0.999795 -0.020229
0.986980 -0.160840
0.993338 -0.115241
0.999999 0.001105
1.000000 0.000036
0.999822 -0.018892
0.999456 -0.032983
0.999991 0.004125
0.999998 -0.002146
0.955208 0.295934
0.929572 -0.368641
0.999940 0.010993
0.999971 0.007618
0.999636 0.026974
0.999645 0.026630
0.999214 0.039632
0.999957 0.009317
0.974582 0.224032
0.968696 0.248251
0.997747 -0.067096
0.997252 -0.074079
0.992951 -0.118526
0.995298 -0.096858
0.998265 0.058882
0.997911 0.064600
0.998316 0.058005
0.999092 0.042602
0.999628 -0.027272
0.999278 -0.037989
0.981444 0.191747
0.986695 0.162579
0.980407 0.196982
0.976400 0.215969
0.999999 -0.001583
0.999999 0.001123
0.999987 -0.005084
0.999997 -0.002265
0.999811 0.019452
0.999987 0.005186
1.000000 0.000830
0.999999 0.001465
0.996581 0.082617
0.997125 0.075773
0.995981 -0.089561
0.997489 -0.070820
0.998166 0.060537
0.998538 0.054063
0.999408 0.034414
0.999694 0.024742
0.999968 -0.008005
0.999970 -0.007716
1.000000 -0.000279
1.000000 -0.000234
1.000000 -0.000002
1.000000 0.000040
0.993792 -0.111255
0.974961 -0.222377
0.999818 -0.019087
0.999769 -0.021497
0.997570 -0.069666
0.998621 -0.052507
0.999999 -0.001131
0.999973 0.007364
0.998710 -0.050783
0.998998 -0.044752
0.999472 0.032480
0.998856 0.047819
0.999998 0.001849
0.999353 -0.035967
0.982178 0.187954
0.986066 0.166353
0.998117 0.061338
0.988514 -0.151128
0.999564 0.029541
0.999374 0.035377
0.999718 0.023762
0.999835 0.018174
0.999139 0.041496
0.999336 0.036436
0.999978 -0.006582
1.000000 -0.000820
0.999999 -0.001604
0.999999 0.001583
0.984286 0.176584
0.986459 0.164007
0.999998 0.002092
0.999995 0.003193
0.998252 0.059102
0.998231 0.059462
0.999790 -0.020492
0.999412 -0.034293
0.999923 -0.012375
0.999543 -0.030214
0.999915 -0.013028
0.999532 -0.030579
0.977588 -0.210529
0.921658 -0.388003
0.999988 0.004850
0.999569 -0.029368
0.999374 -0.035374
0.999999 0.001615
0.997427 -0.071694
0.994858 -0.101277
0.998108 -0.061489
0.998129 -0.061136
0.997569 -0.069690
0.998216 -0.059702
0.989225 0.146406
0.991874 0.127228
0.999852 0.017208
0.999425 0.033899
0.999924 -0.012356
0.999902 -0.014034
0.982890 -0.184192
0.992188 -0.124754
0.994216 -0.107397
0.995416 -0.095642
0.924726 -0.380634
0.228473 0.973550
0.997595 -0.069319
0.856506 -0.516137
0.988517 0.151107
0.992286 0.123968
0.757251 0.653124
0.999091 0.042630
0.739088 0.673609
0.963607 -0.267323
1.000000 0.000183
1.000000 0.000631
0.997839 -0.065699
0.998733 -0.050319
0.997121 0.075825
0.998216 0.059713
0.994248 0.107101
0.992978 0.118301
0.995435 0.095439
0.996211 0.086973
0.885629 -0.464394
0.867585 -0.497289
0.999446 -0.033280
0.999440 -0.033467
0.997340 -0.072894
0.999476 -0.032362
0.979386 -0.201998
0.946174 -0.323658
0.990132 -0.140136
0.999897 0.014324
0.999680 0.025301
0.999781 0.020938
0.994318 -0.106449
0.998362 -0.057211
0.999238 0.039028
0.999526 -0.030784
0.996179 0.087336
0.996088 0.088372
0.997764 -0.066843
0.997855 -0.065463
0.948338 0.317262
0.981450 0.191720
