# ---------- Vertices (V table) ---------- 
0.000000 9.000000
0.000000 0.000000
3.000000 0.000000
3.000000 6.000000
9.000000 6.000000
9.000000 9.000000
0.000000 4.500000
4.500000 9.000000
3.000000 3.000000
6.000000 6.000000
0.000000 2.250000
2.250000 9.000000
0.000000 6.750000
6.750000 9.000000
1.500000 0.000000
7.500000 6.000000
1.312500 5.625000
1.825658 7.300164
3.494981 7.627510
3.000000 1.500000
1.312500 3.375000
5.625000 7.687500
9.000000 7.500000
3.000000 4.500000
7.425000 7.575000
1.425000 1.575000
4.500000 6.000000
0.000000 7.875000
1.125000 9.000000
5.625000 9.000000
3.375000 9.000000
0.000000 1.125000
0.000000 3.375000
0.000000 5.625000
1.138393 4.500000
7.875000 9.000000
4.552963 7.907004
6.750000 6.753571
2.246429 2.250000
9.000000 6.750000
8.250000 6.000000
3.000000 0.750000
2.250000 0.000000
4.914016 6.942739
3.000000 3.750000
2.069196 4.931920
0.826215 7.312500
3.750000 6.000000
8.239352 8.101389
0.898611 0.760648
2.812500 8.259338
1.335640 8.092504
1.373255 2.475282
6.524718 7.626745
7.875000 6.807143
2.083594 0.916406
0.840889 6.402913
2.758643 6.962430
2.002066 6.329944
1.915469 4.044289
2.139299 3.111220
5.888780 6.860701
4.006035 6.873854
0.656250 2.878775
6.121225 8.343750
3.869564 8.351744
0.569196 5.062500
0.656250 3.849410
0.600042 8.399958
0.748132 1.987724
7.012276 8.251868
5.062500 9.000000
3.000000 5.250000
5.250000 6.000000
3.000000 2.250000
6.750000 6.000000
9.000000 8.250000
0.750000 0.000000
2.092488 8.012878
5.187136 8.276630
2.329124 5.645025
8.293239 7.387810
2.314619 1.564936
3.359871 6.601727
1.444304 6.729678
0.656250 5.759061
2.630067 7.617342
1.687500 9.000000
7.623837 8.160506
0.613785 1.348484
1.518191 0.632443
0.000000 6.187500
0.000000 0.562500
8.437500 9.000000
2.396395 4.418126
4.098161 7.486426
7.312500 9.000000
0.569196 4.493264
1.144167 5.075079
1.341185 3.955412
8.440654 6.840674
7.322364 6.573214
0.562500 9.000000
0.000000 3.937500
0.000000 5.062500
3.937500 9.000000
6.187500 9.000000
0.000000 1.687500
0.000000 2.812500
2.812500 9.000000
0.000000 7.312500
0.000000 8.437500
2.394997 3.665939
1.351488 6.180550
0.571795 7.826834
4.655596 8.459759
5.035922 7.538112
5.422197 7.148854
5.360792 6.570726
1.756018 8.451473
2.590471 1.101255
6.277881 6.473444
2.623214 2.625000
1.727637 2.044022
6.955978 7.272363
3.328267 8.451564
2.484167 0.515833
2.494236 6.144416
3.271114 7.135207
4.848173 6.409375
3.000000 4.875000
1.572589 4.783209
1.824951 5.424872
8.625000 6.000000
7.438999 7.067415
4.125000 6.000000
4.341930 6.487186
2.334656 8.480364
1.324898 7.222203
0.413108 7.031250
6.055427 7.369345
1.881899 2.641928
2.196259 6.866401
2.878655 6.481048
2.505226 5.176911
4.577539 7.321801
6.093635 7.856189
0.805012 3.364093
7.894253 7.742158
1.125000 0.000000
8.594948 7.769418
0.430657 0.896830
1.088173 1.215419
8.156250 8.590865
2.623214 1.941579
1.977016 0.423742
1.915152 3.550832
0.467597 0.404713
1.627755 1.119161
9.000000 8.625000
5.663984 8.173758
1.513953 7.655086
1.032061 7.734417
1.078512 8.511016
3.203795 7.997491
1.668776 3.064059
6.342590 6.993641
1.928806 5.874415
7.852304 7.264447
3.889646 6.433520
3.718358 7.228881
8.573902 8.409980
0.833552 6.857706
0.375988 6.468750
6.468750 8.640125
0.359875 2.531250
4.218750 8.642838
1.146931 2.911909
1.254979 2.016856
6.984623 7.770742
1.928203 4.499211
3.000000 4.125000
3.000000 3.375000
2.567497 3.250134
6.547552 8.111630
0.888370 2.452448
7.593750 8.626826
3.874514 7.890198
8.179521 6.457940
7.727958 6.384774
1.870373 1.619772
5.833465 6.416017
2.422453 7.236505
4.438660 6.910443
3.063651 7.526599
9.000000 7.125000
9.000000 6.375000
5.343750 8.676037
0.943799 1.612863
2.204658 7.602246
0.849848 5.381146
5.768440 8.592727
8.593734 6.455780
0.303068 3.093750
0.404402 3.506754
3.653937 8.700022
4.272466 8.223419
0.976007 6.015764
0.437056 7.440091
7.125000 6.000000
6.947426 6.381725
0.964254 4.125103
7.031250 8.678559
0.321441 1.968750
0.287927 4.777882
0.379629 5.439912
0.862774 4.790336
1.533135 4.336942
1.030261 3.698595
0.283599 8.156250
0.281310 4.218750
0.000000 8.718750
0.281250 9.000000
0.937500 0.358209
0.865973 8.099592
0.284363 5.906250
2.522940 6.648016
1.435611 8.689993
3.000000 5.625000
2.429866 4.800522
1.524281 5.172666
1.839534 6.692156
2.458009 8.119998
1.707361 7.988982
2.586559 4.041678
7.106053 6.885129
3.566965 8.117699
8.667478 7.312500
5.263660 7.876222
2.968183 8.629669
1.875000 0.000000
9.000000 7.875000
4.875000 6.000000
3.000000 1.875000
3.000000 2.625000
6.375000 6.000000
3.000000 1.125000
3.375000 6.000000
2.625000 0.000000
3.000000 0.375000
0.375000 0.000000
7.875000 6.000000
5.625000 6.000000
7.321990 7.936497
0.586939 6.127338
1.312500 0.321876
2.255046 2.742498
1.968750 9.000000
2.055404 1.291862
4.842458 8.139158
2.129538 1.892439
8.148517 7.055391
2.672961 5.812500
1.316273 0.933587
2.158650 5.283226
3.630097 6.863297
4.976588 8.641350
0.779647 8.712390
1.614163 6.418560
2.531250 9.000000
1.558141 3.653775
8.244795 7.750783
0.000000 1.406250
0.355336 1.605699
3.059007 6.781662
3.187500 6.296339
1.860567 7.645159
7.294144 8.453102
2.663150 1.594116
2.855442 7.900217
1.611136 7.030861
1.183148 6.491412
7.862289 8.410022
2.588301 2.283289
0.421875 8.690006
4.215799 7.815410
8.718750 9.000000
6.614830 6.443472
6.589086 7.265479
3.562500 6.299649
1.655022 0.305853
2.713887 3.554549
2.251269 4.108559
5.707535 7.348924
4.199871 7.157916
0.593704 2.287846
6.712154 8.406296
2.719517 5.437500
2.791828 7.309022
1.565335 5.886399
0.319969 3.832692
6.092927 8.678079
1.565788 2.747198
0.792074 1.071949
0.296376 1.265625
2.654054 8.543836
0.641946 4.175288
4.625304 6.645106
0.978250 5.685469
2.680996 4.585878
8.698136 8.093435
2.109375 8.710377
1.193419 0.624143
1.772540 0.830878
4.864820 7.814697
5.535501 6.305086
2.679655 2.945080
8.711029 7.001130
2.239032 5.951803
1.140367 6.800558
1.755496 6.135943
3.790553 7.531237
0.000000 0.281250
7.924623 8.058360
1.688385 2.373002
0.000000 7.593750
0.286228 7.709481
4.393555 7.566323
2.109724 3.797436
2.289257 3.378388
2.223255 6.553252
1.919607 7.005233
5.338820 7.579844
4.887742 7.258286
8.578125 8.721733
7.234227 6.282976
1.453720 8.379855
7.614408 7.857840
5.653055 6.664241
1.044144 7.093871
0.539119 6.740460
2.128406 7.309121
7.610408 6.662478
1.612060 3.358655
4.781250 9.000000
1.776380 5.006211
5.463026 8.398858
2.401049 0.833289
2.693373 0.740217
7.883619 8.704688
1.106281 7.437033
2.180216 0.637644
0.649163 1.642484
2.191746 4.628702
1.886881 3.258807
5.236889 6.876211
5.023729 6.658449
5.236535 6.298730
1.619911 4.054234
1.236567 4.226506
2.701328 4.941909
2.052110 8.330262
2.409807 7.822723
1.149042 5.374311
0.856159 5.092670
1.150460 4.787447
0.694266 7.567323
0.579336 8.113720
2.783676 1.312500
1.951099 2.237516
8.385577 6.255259
2.474855 6.929618
4.681406 7.591431
0.588460 3.165013
0.288053 6.194361
0.992052 2.167639
0.854893 4.403793
0.572565 4.777882
0.284598 5.062461
2.296073 1.121145
5.906250 9.000000
3.932298 8.631474
1.062329 3.203300
8.162196 6.750211
8.429045 7.130974
2.437500 0.225950
2.725681 0.274319
0.376672 2.817065
2.397687 2.989803
6.746332 8.713028
0.312697 2.251911
0.000000 8.156250
0.000000 5.343750
0.000000 3.656250
0.000000 4.218750
0.000000 4.781250
7.031250 9.000000
3.656250 9.000000
0.000000 3.093750
5.343750 9.000000
4.218750 9.000000
0.000000 1.968750
0.000000 2.531250
6.468750 9.000000
8.156250 9.000000
0.000000 0.843750
0.000000 5.906250
0.000000 6.468750
0.000000 7.031250
7.593750 9.000000
1.406250 9.000000
3.093750 9.000000
0.843750 9.000000
4.563017 8.191043
4.502985 8.708332
1.460746 2.208238
2.750936 4.293447
0.279625 4.498375
0.718251 0.540121
1.629833 1.774981
7.133386 7.512179
6.776766 7.043230
6.768500 7.483813
8.695562 6.719167
1.246873 5.908749
1.666580 1.409442
3.644081 6.578481
2.450337 8.733605
6.828399 8.021079
1.710121 8.724283
0.284530 8.440798
3.378414 8.723500
3.064477 8.371299
3.603790 8.428086
1.598548 5.601299
2.072753 5.544762
8.062500 6.205536
6.167195 6.751336
6.458774 6.706485
6.187500 6.208221
5.218504 7.333008
5.693207 7.065851
1.378287 1.281211
7.336399 8.725441
0.286077 0.638532
6.339776 7.407426
1.412455 2.972202
3.318200 7.410846
3.014998 7.048464
3.315123 6.868405
7.232798 7.253108
2.506814 1.365381
0.269073 6.717766
4.687500 6.193279
5.911987 7.625524
2.120675 2.498525
6.070057 7.082931
2.020204 2.871306
0.634432 2.560989
6.439011 8.365568
5.948289 8.108975
8.074522 7.543339
4.136379 6.286823
2.811607 2.437500
2.397031 2.475471
5.756078 7.921683
8.761663 6.238337
1.295701 3.693855
1.792971 3.797639
1.869179 4.757768
7.569816 7.325009
7.757947 7.513430
7.060711 6.622722
0.911969 2.741651
1.125406 2.578670
2.240085 6.215782
2.745195 6.065472
6.381044 7.876491
6.278731 8.125466
0.834447 3.072124
4.945944 8.380526
4.018449 8.122541
1.099304 6.244997
1.399845 4.573603
1.363037 4.935983
7.267353 8.192605
5.863275 8.352676
4.235711 6.734143
4.436928 6.248772
6.252519 7.651451
2.618842 6.389932
1.008296 1.885025
1.192559 1.697635
7.643953 6.915424
7.405454 6.814468
0.782186 3.622554
2.046654 4.268256
1.786997 4.280937
4.690242 7.082974
1.364015 6.970950
1.572019 7.282114
2.741092 3.821865
6.443033 6.249794
7.495833 6.262382
2.062500 0.000000
2.176034 0.252151
1.768442 0.573904
7.079491 8.003859
2.464528 5.428782
2.281289 5.064957
2.756241 5.188897
0.206554 7.171875
0.582507 7.226449
2.806835 3.164986
1.399187 5.389842
1.875919 1.063298
5.400693 8.109927
0.950266 6.632133
6.634649 7.856187
5.041957 7.989906
8.331387 8.771708
8.113055 8.331739
1.037841 3.450400
2.818316 6.721656
3.120780 6.535338
2.945375 6.242049
2.366846 2.012747
3.614507 7.860338
5.093581 7.116558
5.494354 6.900515
0.690463 0.259341
1.135543 1.457571
0.873544 1.362398
1.021147 0.976465
2.803717 0.966850
3.077075 7.778904
1.030537 8.762279
1.218303 8.308657
0.835317 8.472548
1.170093 2.337023
1.263023 7.634106
0.672945 0.857299
0.201267 0.984375
0.500967 1.131275
2.783147 2.130558
2.474739 1.748487
3.969921 7.266721
9.000000 7.687500
8.747382 7.559400
8.466858 7.988649
8.428891 7.590634
1.890770 8.148476
0.261261 0.238973
2.690209 8.786877
3.937500 6.000000
3.031371 7.288340
4.740986 8.683318
5.502487 7.893213
8.763828 8.563313
2.793678 0.513104
0.413760 5.689784
0.626585 5.505318
4.395706 8.452352
6.043236 6.540973
1.776859 2.853762
1.481437 7.896885
1.967396 5.144883
1.326672 2.712385
3.377722 7.834800
3.252078 8.228352
2.987919 8.098186
0.442698 4.039947
1.099135 7.985280
0.618643 6.507888
0.801076 7.776385
5.062500 6.000000
9.000000 8.812500
1.401861 7.444363
1.540709 0.865807
8.353199 8.313607
7.628313 8.394926
3.866705 6.675132
2.584520 8.318739
1.649112 8.228915
2.385478 3.907494
5.744036 6.200590
1.500720 1.974215
7.241586 7.718161
1.684780 7.488683
6.672978 6.218860
7.981764 6.592866
8.359953 6.615285
0.208783 7.489202
6.574339 6.915870
0.540018 1.860577
5.007595 6.232047
2.033926 6.091165
3.969113 7.678771
1.827121 5.661138
7.687500 6.000000
9.000000 6.562500
4.072298 6.572758
7.840729 7.034657
8.085530 7.280525
2.271868 8.257577
3.814029 7.012337
3.515168 7.084490
3.554162 7.398772
6.328125 8.820062
6.268566 8.522919
0.179938 2.671875
4.616670 6.413723
2.149087 3.566317
2.466707 5.915516
3.843750 6.209052
8.384431 8.545111
8.778564 8.307652
1.676847 4.549114
0.625930 6.950776
0.816502 7.084887
4.078125 8.821419
4.082917 8.450795
2.618726 7.941393
3.000000 2.812500
4.345741 7.338868
3.792508 8.138733
1.970058 0.720927
2.504669 3.467753
5.889806 7.217305
2.232381 7.098497
2.100870 1.660188
1.847412 1.848183
0.224228 7.932508
0.551493 5.289922
0.519260 0.677623
2.284813 1.343899
8.103308 7.923931
5.965507 6.219592
2.838047 7.529865
3.266024 7.633870
4.704524 6.857106
2.121535 5.762317
5.442829 7.376405
1.265625 8.830287
2.789768 1.784696
4.447377 7.136623
1.906254 8.617014
1.407564 6.507692
2.548296 5.631748
1.866789 0.226128
1.482280 3.180912
1.907906 7.872299
2.597957 7.108556
2.582941 7.396023
5.579792 8.755182
0.904147 7.514427
0.892289 3.895604
1.119118 3.907642
8.783587 8.792568
0.177848 3.515625
0.207785 3.294990
2.419609 7.546479
0.551193 2.076180
2.816674 4.756726
5.792575 8.811513
6.937500 6.000000
1.972448 7.459575
5.147768 8.789960
5.263311 8.477170
2.513595 2.809346
2.388325 6.392329
1.613720 5.387288
6.934264 8.469104
0.160720 1.828125
5.070279 6.443181
2.110877 7.797265
4.206700 6.945091
0.494917 3.704107
0.586543 3.384417
0.818925 1.786179
0.206960 8.646000
4.400733 8.054590
0.166372 5.484375
0.206550 5.268112
6.218266 7.234082
0.160720 2.105502
2.537588 4.253195
2.792602 4.086699
1.752238 5.221160
7.043235 6.194129
6.805670 6.544795
2.790853 2.760456
3.150985 8.774140
1.270986 3.167384
1.433297 4.151625
8.791170 6.530827
2.089123 3.315052
1.885616 3.041685
0.155495 2.390625
0.198915 5.708264
8.780091 7.888896
5.437500 6.000000
0.724121 4.633759
0.986869 8.297267
7.641658 7.126511
7.536116 6.467299
0.802596 2.259945
0.184561 0.444287
6.988507 7.062271
0.484949 0.187794
1.349585 1.832644
7.699023 8.813413
7.454998 8.280982
0.151534 2.953125
1.049105 4.313582
0.153314 6.890625
3.796875 8.848918
7.850130 6.210979
0.734761 6.677475
7.162734 8.839280
3.453141 8.288581
1.923643 2.440944
0.897780 6.205615
0.846381 5.849729
0.500862 7.634704
8.529821 8.210029
5.863541 6.651336
8.125954 8.795433
1.651488 6.811712
4.887860 8.825544
2.004586 6.548647
1.807641 6.488806
5.168710 7.694424
0.205413 1.456544
0.479904 2.992659
4.327264 8.821419
2.953125 8.844183
1.546812 6.097741
0.996300 5.240043
1.838784 1.277213
2.322214 0.393207
1.597784 3.852653
1.315451 5.196994
0.773375 6.043313
6.906149 8.839280
0.937500 0.000000
0.987557 0.566145
1.132860 0.421172
1.092686 0.211262
7.930110 6.397041
2.329422 3.180175
5.667576 8.414121
1.964119 2.025575
6.731729 8.202055
0.412868 3.273189
3.153697 8.551681
2.878962 8.449287
0.466138 6.288575
0.729558 8.246720
0.721397 7.960503
2.739550 3.354802
0.947996 4.595247
0.711758 4.921858
1.008015 4.928216
0.426848 4.633879
0.426917 4.921816
0.142280 4.921875
0.489924 5.882219
0.147334 6.052084
2.264835 5.454255
4.425941 6.669641
1.590754 8.563935
1.294330 8.526146
1.546875 8.856925
0.141799 8.296875
0.426453 8.298058
6.609375 8.858288
4.312500 6.000000
0.412390 8.002327
4.825865 6.611504
5.997559 8.501645
4.640625 8.856979
0.187994 6.377712
0.422003 4.359415
0.140655 4.078125
0.140635 4.640625
0.159177 8.840823
3.000000 5.062500
1.998897 6.818175
5.690214 6.867201
6.781636 7.698778
0.140655 4.357720
3.000000 3.937500
0.792623 5.614512
1.608577 6.617438
4.002748 7.071645
1.568743 2.540985
2.640574 6.805386
2.365503 6.766040
1.554652 4.978709
1.269441 7.850931
1.092672 0.793159
3.515625 9.000000
4.843070 7.461088
0.663112 6.314285
6.905707 6.879757
7.233841 7.046932
2.116101 4.449727
4.197516 8.020632
7.312500 6.000000
1.888003 8.816584
3.000000 0.187500
2.812500 0.000000
2.703346 6.564954
9.000000 8.437500
2.204719 2.929228
3.762027 8.539498
2.070765 2.685003
1.690853 7.775581
2.073194 8.521456
2.385003 4.611786
2.252708 4.874940
2.458447 4.990538
1.305999 4.405797
9.000000 6.937500
3.377415 8.081659
8.808196 7.173451
9.000000 7.312500
8.474115 7.319128
7.165856 6.462240
3.428505 7.254802
2.275038 8.067155
0.391322 7.221260
2.545990 3.792854
7.229843 6.740014
2.654082 8.134821
5.209529 8.085175
5.644382 6.468264
2.789359 5.636561
3.000000 5.812500
7.797412 6.634748
1.687500 0.000000
2.012959 1.484071
2.060090 1.103428
8.571032 6.189295
7.503909 8.826320
2.188066 2.071192
2.272087 1.756948
4.525865 7.712049
3.512171 6.714756
7.444160 8.087247
7.431376 7.772242
2.304474 7.390422
2.584675 0.904420
0.788166 4.054286
3.375794 6.207990
3.394469 6.405936
0.562500 0.000000
3.000000 4.687500
5.812500 6.000000
0.187500 0.000000
3.000000 3.187500
9.000000 6.187500
8.812500 6.000000
3.000000 1.687500
3.000000 2.062500
3.000000 2.437500
4.687500 6.000000
6.187500 6.000000
8.062500 6.000000
3.000000 4.312500
2.437500 0.000000
3.000000 0.562500
3.000000 0.937500
3.000000 1.312500
9.000000 8.062500
3.000000 5.437500
3.000000 3.562500
3.562500 6.000000
3.187500 6.000000
1.312500 0.000000
6.562500 6.000000
8.437500 6.000000
5.553357 8.566551
7.381317 7.382755
8.836725 6.843750
3.761499 7.727332
7.611901 7.654679
1.358709 0.514671
1.478578 0.203071
6.409532 7.180617
5.979425 8.827347
1.540368 8.075478
0.405210 6.048782
3.476677 8.564788
1.715827 3.530099
1.406457 3.539820
4.771395 8.312495
5.026851 8.177672
4.680380 8.044692
6.855697 6.170415
2.794577 7.717491
7.738914 8.005441
8.001527 6.942540
2.049896 7.139388
1.611807 1.588552
1.192887 6.085562
2.241374 4.301999
6.771985 7.298067
6.523476 7.440157
0.161976 6.563609
8.576276 7.475664
6.944894 7.575807
4.834472 8.525835
0.182291 3.704019
0.177668 1.646599
0.516620 1.509305
0.338388 1.787224
1.392204 4.755886
0.922580 7.920107
1.465227 5.730252
1.745440 5.830960
0.484022 2.667355
0.731638 5.234253
6.084038 6.361014
1.468519 1.032240
1.387164 0.762855
1.183916 1.059686
8.318956 6.981189
8.255258 7.206633
1.980691 5.327876
2.334508 5.238447
1.489991 0.386317
2.579813 4.432244
8.410259 6.437940
5.516293 7.542271
0.678704 8.562578
0.703125 9.000000
0.594672 8.798512
7.116463 8.511920
5.343750 6.153894
2.836481 5.902607
0.736842 1.482804
0.614652 7.404668
2.754994 6.256120
0.915071 0.179104
7.665502 6.185127
# ---------- Faces (F table) ---------- 
70 428 753
62 487 676
51 537 572
17 500 588
185 473 474
256 464 669
277 485 712
165 564 697
143 490 813
41 348 534
180 496 807
218 495 656
118 355 356
54 342 493
217 483 617
37 421 593
436 717 749
36 681 899
28 412 536
68 284 936
500 577 588
266 480 668
70 296 753
273 915 917
147 382 479
217 497 617
98 363 742
211 376 714
266 556 729
145 372 803
61 437 456
196 600 695
179 790 912
189 342 840
263 801 927
140 456 684
156 354 895
228 838 876
231 331 728
142 371 798
128 449 606
90 313 578
311 646 810
163 537 772
175 295 458
52 324 415
266 480 913
140 445 684
148 471 887
189 749 840
198 491 492
158 515 739
173 340 573
56 281 482
113 281 647
80 435 641
299 434 921
84 319 499
182 513 760
44 291 877
112 627 833
60 750 815
293 441 628
357 595 674
95 321 597
265 605 606
184 477 518
65 481 621
206 481 621
16 308 363
204 678 754
20 650 693
273 352 594
152 531 532
96 443 719
201 654 883
160 460 486
80 508 648
43 498 640
141 457 817
82 278 545
166 456 684
171 334 558
195 824 826
322 552 707
142 331 788
78 604 831
197 667 668
117 440 528
297 508 648
100 317 384
48 521 579
243 644 864
260 526 847
275 855 856
262 838 941
172 618 619
84 281 647
66 633 923
98 364 738
128 447 555
50 582 756
78 361 604
53 477 518
150 271 550
49 533 801
152 533 927
223 746 747
374 768 893
312 746 747
264 769 931
206 681 808
95 294 546
212 443 719
561 633 923
211 656 854
434 598 921
16 434 920
99 359 694
218 467 522
210 287 690
111 221 680
163 536 538
67 571 677
66 377 762
105 400 620
7 414 735
160 486 751
198 352 942
295 662 706
279 570 835
46 512 943
284 430 680
416 686 933
94 353 820
200 308 793
207 308 424
208 326 724
139 452 715
206 413 562
206 562 621
36 285 681
238 332 732
73 357 595
338 726 837
118 315 837
118 338 837
336 537 772
276 651 818
258 739 843
155 351 740
123 324 369
190 630 631
134 493 494
124 420 450
239 692 755
371 797 798
142 629 904
274 448 449
128 448 555
193 645 676
242 575 595
309 360 663
229 821 822
131 483 617
131 345 799
45 345 566
230 345 688
202 423 591
202 370 844
168 602 704
168 470 471
95 294 624
135 462 554
169 581 601
208 512 943
350 540 577
225 767 893
172 319 339
332 642 935
146 454 489
256 457 817
141 455 721
86 638 653
653 661 852
47 289 878
143 523 813
229 309 360
130 360 663
43 355 356
193 498 640
53 445 909
184 477 478
63 387 734
63 473 479
470 471 887
179 507 587
312 747 888
48 323 521
89 532 942
31 272 304
158 442 925
158 313 578
70 296 672
88 282 580
74 463 544
278 545 644
126 386 559
126 347 351
59 358 468
165 343 354
158 425 739
190 425 905
93 286 334
5 576 658
21 454 465
160 346 751
86 362 622
233 651 818
162 350 540
161 540 577
267 536 538
194 555 638
194 535 639
270 343 895
343 354 895
37 438 593
166 438 593
167 318 596
318 475 596
54 493 602
168 602 603
83 274 449
95 285 327
170 607 830
48 549 725
310 549 725
139 512 832
56 573 718
139 340 452
173 340 452
64 460 486
108 398 713
205 381 716
141 302 796
165 302 446
123 631 752
52 324 796
124 422 912
253 507 587
94 686 933
45 509 566
44 291 501
256 455 464
183 316 513
183 513 760
183 388 750
64 460 478
184 428 518
52 474 567
63 458 473
186 277 443
186 282 349
164 568 825
187 481 625
590 749 840
335 503 705
515 739 843
260 630 631
121 439 502
166 437 456
298 652 653
298 638 653
193 487 676
193 307 770
194 535 901
279 535 570
237 317 826
237 317 384
202 466 844
133 466 844
201 486 751
419 586 710
198 352 679
276 651 675
161 588 818
207 723 743
85 560 561
29 380 664
100 317 423
188 591 934
204 659 660
32 393 659
204 659 914
205 433 894
65 433 816
206 481 808
285 681 808
113 281 482
85 743 767
208 326 592
121 287 502
245 439 502
209 335 689
166 437 438
97 306 376
211 359 657
174 296 389
184 428 753
185 375 706
213 673 917
214 417 764
66 378 765
376 702 761
376 714 761
359 694 823
211 656 657
99 359 657
67 495 656
27 325 326
219 430 775
97 764 783
6 417 791
222 284 786
284 936 938
102 284 938
223 418 530
223 747 748
367 775 778
366 574 655
33 682 699
225 768 893
127 318 475
226 490 670
336 771 772
227 643 773
262 648 838
144 297 508
45 509 821
229 353 820
66 364 923
230 345 799
84 499 728
231 331 788
137 305 427
137 361 604
119 429 646
51 336 537
112 329 612
234 292 584
37 421 805
235 806 834
125 720 894
164 569 570
81 461 550
237 384 828
160 460 465
238 519 836
269 427 553
239 305 756
14 841 889
310 549 700
73 575 595
154 283 544
154 545 644
316 388 669
283 463 544
278 368 451
347 348 853
83 524 856
126 347 348
126 348 559
248 385 386
157 418 530
250 552 860
251 436 717
15 503 809
148 337 887
253 485 850
207 308 723
254 757 804
90 313 506
255 747 888
183 316 388
256 388 669
11 269 427
11 257 311
82 278 451
258 379 635
259 314 519
238 519 732
154 526 545
260 526 846
100 423 591
384 828 929
297 648 838
167 598 641
312 801 926
312 888 926
132 434 598
230 514 671
265 581 605
265 426 581
115 413 562
102 222 284
167 598 921
268 320 737
305 427 553
109 269 553
20 467 522
270 467 896
148 323 636
81 828 929
273 352 916
673 915 917
273 733 916
272 304 733
128 448 449
57 274 448
275 524 525
3 275 525
161 577 588
199 341 666
186 277 580
186 282 580
120 368 451
19 278 368
279 535 901
232 362 622
280 331 728
17 280 331
56 281 517
281 319 517
48 323 636
153 282 521
122 283 463
38 455 464
68 430 775
68 284 430
314 372 848
327 372 848
334 558 658
37 287 690
121 437 438
288 422 908
53 518 790
169 462 614
83 426 849
155 290 649
112 328 584
112 584 833
94 807 907
59 292 496
146 454 465
293 642 935
62 581 605
294 546 795
69 375 706
352 594 679
212 389 672
296 389 672
192 652 653
57 298 652
299 320 737
16 308 424
220 417 783
103 394 784
174 608 609
106 403 608
177 473 474
141 324 796
151 542 543
49 303 541
151 444 542
89 304 543
137 305 582
305 582 756
300 571 677
67 306 571
193 487 770
453 488 611
200 561 923
200 308 363
23 309 416
310 616 875
119 336 771
119 361 819
263 801 926
533 801 927
155 506 626
55 347 351
36 314 848
145 327 372
252 315 585
191 726 837
8 623 691
317 824 826
80 318 613
127 318 613
84 281 319
138 339 499
58 475 596
58 730 731
18 321 886
18 527 568
157 552 707
92 322 707
282 323 521
88 282 323
123 419 586
123 324 415
326 632 778
27 326 632
325 326 592
114 326 724
95 327 624
145 327 624
292 328 584
59 292 328
156 354 696
457 564 697
231 730 788
58 330 730
341 629 904
17 341 666
238 516 557
116 332 732
117 441 529
116 333 440
171 334 615
334 520 615
189 503 705
101 335 705
336 583 892
119 336 583
148 337 902
88 337 902
117 293 441
117 355 529
319 339 499
46 366 655
172 319 517
139 512 618
142 331 904
199 341 852
342 493 494
101 342 494
20 467 896
165 446 650
115 414 556
71 344 729
131 345 469
45 345 469
79 480 668
160 516 557
348 534 853
55 515 843
126 385 386
249 386 559
153 282 349
35 404 727
46 339 350
138 339 350
155 351 626
313 506 626
198 532 942
69 594 679
180 497 617
496 807 907
329 612 696
156 612 696
333 440 528
117 355 528
193 307 640
129 674 779
252 315 701
118 315 357
358 468 741
270 468 741
217 483 823
217 694 823
72 510 787
144 360 510
119 361 551
78 361 551
199 276 675
86 653 661
363 514 742
16 363 514
216 702 762
98 365 763
216 365 763
34 714 761
162 574 655
114 366 574
574 759 919
68 367 758
123 369 752
260 631 752
202 591 934
226 797 798
57 371 797
116 314 803
314 372 803
203 387 734
177 474 567
173 374 757
91 407 782
69 662 706
25 419 710
216 702 761
97 376 702
214 378 765
417 764 783
215 561 633
392 682 683
55 347 379
120 347 379
201 654 664
201 301 891
205 433 816
176 562 621
20 382 522
147 382 522
384 928 929
54 602 903
261 928 929
100 384 928
385 505 740
42 385 505
175 387 610
185 458 473
388 750 815
256 388 815
13 396 744
174 608 776
175 295 390
175 390 698
219 775 778
111 391 774
378 633 683
33 392 682
393 659 914
300 677 914
6 394 791
220 417 791
214 417 785
104 395 766
212 719 744
70 277 939
30 431 802
105 620 716
203 398 713
32 659 660
266 667 668
29 654 664
7 400 735
176 414 735
10 402 698
10 401 685
175 610 698
108 610 713
403 608 776
13 403 776
153 520 727
93 334 520
151 541 634
31 405 542
225 560 699
91 374 768
173 782 910
12 452 715
12 408 715
110 408 511
35 349 711
35 409 711
227 771 772
87 410 773
30 411 692
30 431 692
267 412 536
259 897 899
115 556 913
7 414 781
414 556 781
185 375 539
178 375 539
234 416 686
181 416 687
6 395 785
6 417 785
151 541 543
151 444 634
178 586 710
178 491 492
24 470 887
24 470 884
421 708 805
124 421 708
288 890 909
124 422 908
39 600 695
299 434 920
113 268 737
25 425 905
158 425 442
289 855 856
169 289 426
11 311 427
137 311 427
179 428 507
70 428 507
429 646 810
257 311 810
111 430 680
219 391 774
125 431 755
431 692 755
164 535 570
125 432 569
236 433 720
65 481 625
230 514 742
132 434 671
264 566 930
80 508 769
40 370 436
188 370 436
437 563 726
121 437 563
121 287 438
37 287 438
191 563 726
332 440 642
116 332 440
61 441 789
441 529 789
25 425 442
152 442 531
186 443 845
409 711 845
405 444 542
92 405 444
146 460 478
146 477 489
446 650 693
20 382 693
170 605 606
18 447 607
298 448 555
57 298 448
265 426 849
265 449 606
235 708 805
134 450 806
379 451 635
120 379 451
173 452 910
407 782 910
136 487 770
26 453 488
21 293 454
140 293 454
369 455 721
38 369 455
61 441 628
61 456 628
165 354 697
141 457 564
63 458 922
175 458 922
174 296 459
64 486 780
146 460 465
146 477 478
271 461 550
148 271 461
136 462 488
136 488 611
244 623 691
38 283 464
122 283 464
21 465 557
160 465 557
99 358 741
218 656 657
156 328 468
59 328 468
180 353 469
45 353 469
134 450 884
134 470 884
168 461 471
148 461 471
210 472 829
101 472 829
177 382 479
177 473 479
185 474 539
52 474 539
127 475 670
58 330 475
143 524 525
127 490 670
53 445 489
53 477 489
184 459 478
64 459 478
147 373 479
63 373 479
259 480 897
79 836 898
236 527 625
187 527 625
207 482 906
113 482 906
98 365 484
34 365 483
365 484 918
131 484 918
70 277 485
179 420 587
201 301 780
201 486 780
169 426 581
136 487 601
26 488 777
140 454 489
140 445 489
143 490 944
143 525 944
178 375 491
69 375 491
25 442 531
25 492 531
493 602 704
168 470 704
235 708 806
101 494 834
204 677 914
147 373 678
180 496 497
59 496 497
217 358 497
59 358 497
43 333 498
145 333 498
280 499 728
138 280 499
138 280 500
17 280 500
234 501 687
234 416 687
75 589 881
287 502 589
189 717 749
155 505 740
240 649 841
240 504 649
42 504 505
290 506 932
155 290 506
253 485 507
70 485 507
508 769 931
144 508 931
509 821 822
144 509 822
72 297 510
144 297 510
139 511 832
110 325 592
46 512 619
512 618 619
8 316 513
434 514 671
16 434 514
158 313 515
55 313 515
160 346 516
79 346 516
340 618 718
172 618 718
179 428 790
428 518 790
519 836 898
259 519 898
93 404 520
404 520 727
153 520 615
153 521 579
218 495 522
147 495 522
143 274 523
57 274 523
83 274 524
143 274 524
476 525 944
3 476 525
154 283 526
38 283 526
18 527 886
187 527 886
43 333 528
43 355 528
118 355 529
118 338 529
77 530 857
198 492 531
198 531 532
89 303 532
152 303 532
152 303 533
49 303 533
246 368 534
120 368 534
164 535 568
164 569 825
227 643 772
28 536 643
224 758 759
224 703 758
163 537 703
163 538 703
178 415 539
52 415 539
233 565 892
162 574 919
418 541 634
49 418 541
304 542 543
31 304 542
303 541 543
89 303 543
526 545 847
82 545 847
95 321 546
170 321 546
150 549 700
237 548 827
22 547 548
150 548 700
48 271 549
150 271 549
150 548 911
150 550 911
233 583 892
78 651 675
157 530 709
239 305 553
109 411 736
462 554 614
47 554 614
194 447 555
298 555 638
266 556 913
556 729 781
238 332 557
21 332 557
76 616 875
41 348 559
215 633 683
215 560 561
200 561 793
85 561 793
115 414 562
176 414 562
9 439 637
439 637 924
165 302 564
141 302 564
162 572 800
162 540 800
264 509 566
132 688 930
302 446 567
177 446 567
535 568 639
18 568 639
236 720 825
433 720 894
432 569 570
50 432 570
220 571 783
103 300 784
51 565 800
51 572 800
254 767 893
56 573 804
224 759 919
114 574 759
129 453 595
242 453 595
159 558 658
159 576 658
138 350 577
138 500 577
263 925 927
90 888 926
48 579 725
171 579 725
277 580 712
88 580 712
62 487 601
62 581 601
232 604 831
279 622 835
233 551 583
119 551 583
234 501 833
234 584 833
9 637 859
191 585 637
123 415 586
178 415 586
24 420 587
253 337 851
199 276 666
276 588 818
210 689 829
210 287 589
188 383 590
54 383 590
100 383 591
188 383 591
110 511 592
208 512 832
288 421 593
166 684 890
69 594 662
213 594 662
356 674 779
129 595 674
58 320 596
167 320 596
95 285 597
187 285 597
132 435 598
435 598 641
189 717 946
189 503 946
202 466 695
196 466 695
169 462 601
136 462 601
261 602 903
261 602 603
81 461 603
168 461 603
232 582 604
137 582 604
546 605 795
170 546 605
170 606 830
447 607 830
170 321 607
18 321 607
106 301 608
301 608 609
64 459 609
174 459 609
108 402 610
402 610 698
129 453 611
307 640 779
112 328 612
156 328 612
262 476 613
127 476 613
169 289 614
47 289 614
153 579 615
171 579 615
159 558 814
171 558 616
180 469 617
131 469 617
139 340 618
340 573 718
172 339 619
46 339 619
381 620 716
176 381 620
176 381 621
65 381 621
232 582 835
232 622 835
122 463 691
244 463 691
294 624 645
145 624 645
65 433 625
236 433 625
55 351 626
55 313 626
112 329 627
183 329 627
140 456 628
140 293 628
142 371 629
192 371 629
258 635 842
82 451 635
123 419 631
190 419 631
219 391 632
27 391 632
215 682 683
66 378 633
157 444 634
157 418 634
82 630 842
82 635 842
148 271 636
48 271 636
191 563 924
191 637 924
194 638 901
86 638 901
194 447 639
18 447 639
43 356 779
43 640 779
80 318 641
167 318 641
117 440 642
117 293 642
410 643 773
28 410 643
243 544 644
154 544 644
193 498 645
145 498 645
119 646 819
311 646 819
113 268 647
84 728 794
262 613 648
80 613 648
504 505 649
155 505 649
165 343 650
20 343 650
78 551 651
233 551 651
192 371 652
57 371 652
199 661 852
192 653 852
29 399 654
197 399 654
46 350 655
162 350 655
67 306 854
67 656 854
218 467 657
99 467 657
5 286 658
286 334 658
204 660 754
373 678 754
32 398 660
203 398 660
86 362 661
199 362 661
295 390 662
213 390 662
23 309 663
201 664 891
380 664 891
210 689 900
210 589 900
276 588 666
17 588 666
197 399 667
71 399 667
79 346 668
197 346 668
122 464 669
8 316 691
226 330 670
330 475 670
230 671 688
132 671 688
70 672 939
212 672 939
401 673 685
107 401 673
118 357 674
118 356 674
199 362 675
78 675 831
294 645 676
62 605 795
147 495 678
67 495 677
495 677 678
204 677 678
198 491 679
69 491 679
284 680 786
221 680 786
413 681 899
206 413 681
215 560 682
560 682 699
104 392 683
104 378 683
445 890 909
445 684 890
213 673 685
213 390 685
292 496 907
234 292 686
181 687 792
345 566 688
566 688 930
665 689 900
209 665 689
210 472 690
37 472 690
316 669 691
122 669 691
411 692 736
239 692 736
177 382 693
177 446 693
99 358 694
217 358 694
39 423 695
202 423 695
60 354 696
183 329 750
60 457 697
60 354 697
10 685 698
390 685 698
225 406 699
33 406 699
547 548 700
241 547 700
73 357 940
73 701 940
377 702 762
97 377 702
224 572 703
537 572 703
134 470 704
134 493 704
189 342 705
101 342 705
185 458 706
295 458 706
157 444 707
92 444 707
450 708 806
124 450 708
157 552 709
250 552 709
178 492 710
25 492 710
186 711 845
186 349 711
485 712 850
88 712 850
387 610 713
203 387 713
211 359 714
34 483 823
139 511 715
408 511 715
105 397 716
205 397 716
599 717 946
251 599 717
56 517 718
172 517 718
96 396 719
396 719 744
125 569 720
569 720 825
141 324 721
324 369 721
207 482 722
56 482 722
254 743 767
85 723 743
46 366 943
114 366 724
310 616 725
171 616 725
61 437 726
338 529 789
35 349 727
153 349 727
268 731 794
231 730 731
266 667 729
71 667 729
268 320 731
58 320 731
231 728 794
231 731 794
314 519 732
116 314 732
107 673 915
107 272 915
63 373 734
203 660 754
400 620 735
176 620 735
109 553 736
239 553 736
113 424 737
299 424 737
98 363 738
200 363 738
190 630 842
190 425 739
126 385 740
126 351 740
99 467 741
270 467 741
98 484 742
230 484 742
207 722 743
254 743 804
13 389 744
212 389 744
77 530 945
77 745 945
49 418 746
223 418 746
255 889 932
255 747 748
745 748 945
149 745 748
188 436 749
188 590 749
329 696 750
60 696 750
201 751 883
346 751 883
38 526 846
38 369 846
296 459 753
184 459 753
203 734 754
373 734 754
239 432 755
125 432 755
50 432 756
239 432 756
573 757 804
173 573 757
538 703 758
68 538 758
367 758 759
114 367 759
291 627 760
183 627 760
34 365 761
216 365 761
98 364 763
66 364 762
364 762 763
216 762 763
97 377 764
214 377 764
214 377 765
66 377 765
214 378 766
104 378 766
225 560 767
85 560 767
91 406 768
225 406 768
80 435 769
264 435 769
136 611 770
307 611 770
119 429 771
227 429 771
536 643 772
163 536 772
227 429 773
87 429 773
219 430 774
111 430 774
219 632 778
68 367 775
174 389 776
13 389 776
462 488 777
135 462 777
114 326 778
114 367 778
307 611 779
129 611 779
64 609 780
301 609 780
344 729 781
7 344 781
91 374 782
173 374 782
306 571 783
97 306 783
300 571 784
220 571 784
214 766 785
395 766 785
0 222 786
0 221 786
360 510 787
130 360 787
330 730 788
142 330 788
338 726 789
61 726 789
53 422 790
422 790 912
394 784 791
220 784 791
501 687 792
44 501 792
308 723 793
85 723 793
84 647 794
268 647 794
62 676 795
294 676 795
302 567 796
52 567 796
523 797 813
57 523 797
142 330 798
226 330 798
230 484 799
131 484 799
161 540 800
161 565 800
49 746 801
312 746 801
205 431 802
205 397 802
145 333 803
116 333 803
722 743 804
56 722 804
37 472 805
235 472 805
494 806 834
134 494 806
94 353 807
180 353 807
187 481 808
187 285 808
335 503 809
209 335 809
87 257 810
87 429 810
249 386 811
2 811 812
386 811 812
248 386 812
226 797 813
226 490 813
558 616 814
76 616 814
60 457 815
256 457 815
65 381 816
205 381 816
141 455 817
256 455 817
233 565 818
161 565 818
137 361 819
137 311 819
309 416 933
229 309 820
45 353 821
229 353 821
229 360 822
144 360 822
34 714 823
359 714 823
39 423 885
39 824 885
527 568 825
236 527 825
22 548 827
237 826 827
195 826 827
550 828 911
81 550 828
335 689 829
101 335 829
128 447 830
128 606 830
362 675 831
232 362 831
208 592 832
511 592 832
291 627 833
291 501 833
235 472 834
101 472 834
50 570 835
50 582 835
238 516 836
79 516 836
315 585 837
191 585 837
3 839 941
838 839 941
228 838 839
54 590 840
54 342 840
290 649 841
290 841 889
190 739 842
258 739 842
55 379 843
258 379 843
133 844 882
96 409 845
96 443 845
369 752 846
260 752 846
260 630 847
82 630 847
36 285 848
285 327 848
265 449 849
83 449 849
253 337 850
88 337 850
253 587 851
24 587 851
341 629 852
192 629 852
120 534 853
120 347 853
211 376 854
306 376 854
275 524 856
247 855 879
289 426 856
83 426 856
530 709 857
250 709 857
130 663 858
23 663 858
585 637 859
252 585 859
322 552 860
1 322 860
182 513 861
8 513 861
196 466 862
4 862 863
466 862 863
133 466 863
278 644 864
19 278 864
74 544 865
243 544 865
244 463 866
74 463 866
242 453 867
26 453 867
245 439 868
9 439 868
40 436 869
251 436 869
23 416 870
181 416 870
248 385 871
42 385 871
41 559 872
249 559 872
246 534 873
41 534 873
19 368 874
246 368 874
310 700 875
241 700 875
297 838 876
72 297 876
291 760 877
182 760 877
289 855 878
247 855 878
275 855 879
3 275 879
255 748 880
149 748 880
502 589 881
245 502 881
370 844 882
40 370 882
197 654 883
197 346 883
24 420 884
420 450 884
317 824 885
317 423 885
321 597 886
187 597 886
337 851 887
24 851 887
255 888 932
290 889 932
255 880 889
14 880 889
166 593 890
288 593 890
106 301 891
106 380 891
51 336 892
51 565 892
254 757 893
374 757 893
205 431 894
125 431 894
156 468 895
270 468 895
20 343 896
270 343 896
115 413 897
413 897 899
79 480 898
259 480 898
36 314 899
259 314 899
75 589 900
75 665 900
279 622 901
86 622 901
148 323 902
88 323 902
54 383 903
261 383 903
17 341 904
17 331 904
190 419 905
25 419 905
207 424 906
113 424 906
292 686 907
94 686 907
288 421 908
124 421 908
288 422 909
53 422 909
12 452 910
12 407 910
237 828 911
237 548 911
124 420 912
179 420 912
115 897 913
480 897 913
103 300 914
103 393 914
272 733 915
273 733 915
304 733 916
89 304 916
273 594 917
213 594 917
365 483 918
131 483 918
162 572 919
224 572 919
299 424 920
16 424 920
167 320 921
299 320 921
63 387 922
175 387 922
364 738 923
200 738 923
121 439 924
121 563 924
263 578 925
158 578 925
90 578 926
263 578 926
442 925 927
152 442 927
261 383 928
100 383 928
81 603 929
261 603 929
264 435 930
132 435 930
264 509 931
144 509 931
90 506 932
90 888 932
309 820 933
94 820 933
188 370 934
202 370 934
21 293 935
21 332 935
68 538 936
267 538 936
267 936 938
267 412 937
267 937 938
102 937 938
277 443 939
212 443 939
315 701 940
315 357 940
3 476 941
262 476 941
352 916 942
89 916 942
366 724 943
208 724 943
127 490 944
127 476 944
223 748 945
223 530 945
15 503 946
15 599 946
# ---------- Vector field (U table) ---------- 
0.902917 -0.429815
0.991262 0.131909
0.790519 0.612437
0.842754 0.538299
0.986486 -0.163848
0.984243 0.176820
0.918992 -0.394277
0.404680 0.914459
0.633025 -0.774132
-0.041787 -0.999127
0.151069 0.988523
0.305831 -0.952086
0.967970 0.251065
0.619506 -0.784992
0.943288 -0.331975
0.938150 0.346228
0.975099 0.221770
0.970856 -0.239665
0.988870 -0.148781
0.723314 0.690519
0.838364 0.545111
0.955272 -0.295728
0.901761 -0.432234
-0.019519 0.999809
0.999635 0.027016
0.533137 -0.846029
0.868110 -0.496372
0.982468 -0.186430
0.995725 -0.092369
0.932400 -0.361428
0.947289 0.320380
0.988597 0.150588
0.841728 -0.539902
0.859483 0.511164
0.897238 -0.441548
0.873162 -0.487430
0.099857 0.995002
0.143473 0.989654
0.818839 0.574023
0.973195 0.229982
0.998116 0.061351
0.775906 -0.630848
0.959888 0.280383
0.793751 0.608243
0.063253 -0.997998
0.364974 0.931018
0.981621 -0.190840
0.867416 -0.497584
0.853151 -0.521664
0.913400 0.407063
0.978764 -0.204990
0.347031 -0.937854
0.827741 -0.561110
0.763520 0.645784
0.619904 0.784678
0.951765 -0.306828
0.939308 -0.343076
0.850365 0.526193
0.042194 0.999109
-0.008249 -0.999966
0.998148 0.060827
-0.074976 -0.997185
0.905643 -0.424040
0.984328 0.176349
0.994492 -0.104812
0.200789 0.979634
0.929710 -0.368292
0.999992 0.004069
0.989976 -0.141235
0.945793 -0.324769
0.199258 0.979947
-0.181018 0.983480
0.052222 -0.998636
0.997845 -0.065623
0.996515 -0.083414
0.977246 -0.212110
0.915881 -0.401449
0.536219 0.844079
0.921383 0.388655
-0.196393 -0.980525
-0.010329 -0.999947
0.922440 0.386139
0.666181 0.745790
0.754281 -0.656552
0.127476 0.991842
0.896856 -0.442322
0.901799 0.432155
0.977813 -0.209479
0.771570 0.636144
-0.182651 0.983178
0.766525 -0.642215
0.870829 0.491586
-0.007870 0.999969
0.997963 -0.063796
0.925753 0.378130
0.412288 0.911053
0.733217 0.679995
0.854716 -0.519096
0.994189 -0.107646
0.874343 -0.485309
0.991542 0.129784
0.942903 0.333068
0.906365 0.422496
0.799496 -0.600671
0.786857 -0.617135
0.277679 0.960674
0.498823 0.866704
0.051352 0.998681
0.993406 -0.114653
-0.048521 -0.998822
0.254991 -0.966943
0.979479 -0.201545
0.947401 -0.320050
0.981601 -0.190946
0.144839 0.989455
0.491022 -0.871147
0.906840 -0.421475
0.671793 0.740739
0.990442 0.137928
0.102750 -0.994707
0.982854 0.184385
0.999506 -0.031416
0.924231 0.381833
-0.028022 -0.999607
-0.014612 0.999893
0.999818 -0.019100
0.999895 -0.014486
0.922632 -0.385681
-0.150822 -0.988561
-0.109296 -0.994009
0.952093 0.305807
0.662754 0.748837
0.690308 0.723516
0.034414 -0.999408
0.150054 0.988678
0.349958 0.936765
0.904845 -0.425742
0.557835 0.829952
0.089028 0.996029
0.976909 -0.213657
0.994954 -0.100328
0.968757 -0.248013
0.910455 -0.413609
0.997333 0.072988
0.966102 0.258161
0.978522 0.206145
0.974638 0.223789
0.901813 0.432127
0.871929 0.489632
0.077797 0.996969
0.017099 -0.999854
0.946097 0.323883
0.210727 -0.977545
0.489161 -0.872193
0.785908 -0.618343
0.973175 0.230065
0.967103 0.254386
0.950940 0.309375
0.999974 0.007218
0.994074 0.108702
0.646788 -0.762669
0.998177 0.060361
-0.227280 0.973829
-0.057728 -0.998332
0.635442 0.772149
0.701398 -0.712770
0.713926 -0.700221
0.742756 -0.669562
0.833039 0.553214
0.864533 0.502576
0.889442 0.457048
0.832732 -0.553677
0.960169 -0.279419
0.993863 0.110614
0.857512 0.514465
0.641968 0.766732
0.795319 0.606191
0.335062 0.942196
0.770352 0.637619
0.869959 -0.493125
0.834415 -0.551136
0.262558 0.964916
0.965161 0.261657
0.955981 0.293430
0.933976 0.357337
0.986693 0.162594
0.944135 0.329559
0.099464 0.995041
0.997199 -0.074799
0.962299 0.271992
0.952052 0.305937
0.814572 -0.580062
0.872224 -0.489107
0.997011 0.077255
0.219001 0.975725
0.835474 -0.549530
0.845425 -0.534094
0.203563 0.979062
0.864448 0.502722
0.211954 0.977280
0.032742 0.999464
0.856208 -0.516631
0.778272 0.627928
0.930066 -0.367392
0.894657 -0.446755
0.065201 -0.997872
0.058967 0.998260
0.033419 0.999441
-0.016425 -0.999865
0.170124 0.985423
0.340259 0.940332
0.718827 -0.695189
0.671653 -0.740866
0.995400 -0.095809
0.842614 0.538519
0.865870 -0.500268
0.943830 -0.330432
0.929635 0.368482
0.853025 0.521870
0.759377 0.650651
0.810938 0.585131
0.782933 0.622106
0.979463 0.201625
0.983808 0.179227
0.604006 0.796980
0.994204 -0.107508
0.948861 0.315693
0.943519 0.331318
0.928372 -0.371652
0.498544 0.866865
0.920502 0.390739
0.501312 -0.865267
0.978086 -0.208202
0.967444 -0.253087
0.999808 -0.019579
0.736621 -0.676306
0.484161 0.874979
0.548187 0.836356
0.495783 0.868447
0.450352 0.892851
0.325353 0.945593
0.921130 -0.389256
0.990868 -0.134834
0.999846 0.017554
0.618583 0.785719
0.925533 -0.378666
-0.030077 0.999548
0.118728 0.992927
0.709298 -0.704909
0.616187 0.787600
0.036653 0.999328
-0.001572 0.999999
0.037939 0.999280
0.999323 -0.036788
0.023597 0.999722
0.035255 -0.999378
0.005658 0.999984
0.898004 -0.439987
0.894808 -0.446451
0.265048 0.964235
0.982455 -0.186499
0.937215 -0.348752
0.959302 -0.282383
0.978006 0.208579
0.999769 -0.021485
0.833529 0.552475
0.973787 0.227463
0.069353 -0.997592
0.000655 -1.000000
0.988919 0.148458
0.932448 0.361304
0.969414 0.245432
0.964350 0.264630
0.872961 0.487791
0.919807 0.392371
0.968153 0.250361
0.952567 0.304328
0.493167 -0.869935
0.771344 0.636419
0.702793 -0.711395
0.990941 0.134296
0.959942 -0.280197
0.466689 -0.884422
0.340634 0.940196
0.878219 0.478258
0.846447 0.532473
0.962125 -0.272610
0.275747 0.961230
0.998435 -0.055923
0.796170 0.605073
0.785333 0.619073
-0.127272 -0.991868
0.171087 -0.985256
-0.022043 0.999757
0.992429 0.122817
0.996005 0.089293
0.996311 -0.085818
0.986346 -0.164685
0.609618 0.792696
-0.018946 0.999821
0.419132 0.907925
0.988102 0.153799
0.999215 0.039611
0.998138 0.060990
0.940676 0.339306
0.009517 -0.999955
0.100765 0.994910
0.973662 -0.227998
0.903019 -0.429600
0.222746 0.974877
-0.036821 0.999322
0.186480 -0.982459
0.996875 0.078992
0.073135 -0.997322
0.209262 0.977860
0.362989 0.931793
0.302308 -0.953210
0.995183 0.098039
0.442012 -0.897009
0.724056 0.689741
0.813667 0.581331
0.017117 -0.999853
0.999335 -0.036476
0.897944 0.440110
0.965935 0.258784
0.837277 -0.546779
-0.226054 -0.974115
0.114319 0.993444
0.634179 0.773186
0.709137 0.705071
0.257800 -0.966198
0.998935 -0.046131
0.888351 -0.459166
0.651243 -0.758870
0.626184 -0.779675
0.875202 0.483758
0.197929 0.980216
0.536749 0.843742
0.161400 -0.986889
0.108588 0.994087
0.991487 -0.130208
0.845709 -0.533645
0.773653 0.633609
0.648585 -0.761142
0.949229 0.314587
0.895479 0.445104
0.932299 0.361689
0.529606 -0.848244
0.999980 -0.006266
0.049071 0.998795
0.936540 0.350562
0.832957 0.553338
0.976302 0.216412
0.965160 0.261661
0.809422 -0.587227
0.573426 -0.819258
0.897983 -0.440031
0.927452 -0.373941
0.993931 0.110004
0.951173 0.308657
0.794660 -0.607055
0.596354 -0.802722
0.998040 0.062584
0.142263 0.989829
-0.014395 -0.999896
0.028186 0.999603
0.035644 0.999365
-0.056025 -0.998429
0.018707 -0.999825
0.644442 0.764653
0.042903 0.999079
0.024131 -0.999709
0.055429 0.998463
-0.327802 0.944746
0.005429 0.999985
0.995298 0.096859
0.997883 0.065036
0.734630 0.678468
0.904793 -0.425851
0.440733 0.897638
0.090531 0.995894
0.386459 -0.922306
0.289418 0.957203
0.109886 -0.993944
0.259258 -0.965808
0.990854 0.134940
0.981241 0.192785
0.076934 0.997036
-0.010889 0.999941
0.937490 -0.348013
0.921493 -0.388395
0.024130 0.999709
-0.102673 -0.994715
0.695554 -0.718474
0.762334 0.647184
0.488253 0.872702
0.876072 -0.482180
-0.014465 -0.999895
0.708053 0.706160
0.602651 0.798005
0.872287 -0.488994
0.811296 0.584635
0.592808 0.805344
0.985082 -0.172083
0.879851 0.475250
0.979180 -0.202994
0.794456 -0.607322
0.957460 0.288565
0.996425 0.084478
0.098160 0.995171
0.394901 -0.918724
0.665158 -0.746702
0.842248 0.539091
0.067933 -0.997690
0.010143 -0.999949
-0.035300 0.999377
0.007577 0.999971
0.996633 0.081989
0.988902 0.148570
0.938121 0.346309
0.340452 0.940262
0.820059 0.572280
0.908985 0.416829
0.932818 -0.360347
0.915301 -0.402771
0.162505 0.986708
0.032629 0.999468
0.960247 0.279151
0.926490 0.376319
0.830266 0.557368
0.855264 0.518193
0.892435 -0.451176
0.392653 0.919687
0.753101 -0.657905
0.978151 -0.207896
0.007876 -0.999969
0.190635 0.981661
0.738021 0.674777
0.942387 -0.334525
0.943358 -0.331776
0.947639 -0.319343
0.878090 -0.478495
0.961400 0.275156
0.971452 0.237235
0.664391 -0.747385
0.572139 0.820156
0.956801 0.290742
0.840604 0.541651
0.032163 0.999483
-0.013324 -0.999911
-0.018994 0.999820
0.057963 0.998319
0.260255 -0.965540
0.872614 -0.488411
0.848713 -0.528854
0.565670 0.824632
0.516895 0.856049
0.111194 -0.993799
0.997260 0.073970
0.964058 -0.265694
0.951420 -0.307897
0.954536 0.298095
0.970150 0.242505
0.351650 0.936132
0.581106 0.813828
0.999923 0.012411
0.998667 0.051619
0.973198 -0.229967
0.998213 -0.059751
-0.248142 -0.968724
0.960092 -0.279683
0.049290 -0.998785
-0.282783 0.959184
0.068291 -0.997665
0.071931 -0.997410
0.931964 0.362552
0.951481 0.307706
-0.154872 0.987935
-0.025041 0.999686
0.902722 0.430224
0.988307 0.152476
0.998024 -0.062837
0.959545 -0.281555
-0.016342 0.999866
0.889764 -0.456420
0.821906 0.569623
0.622539 -0.782589
0.634024 0.773313
0.126932 -0.991911
-0.009866 0.999951
0.074271 0.997238
0.950940 -0.309375
0.948444 -0.316944
0.996613 0.082231
0.979483 0.201526
0.010748 -0.999942
0.887866 0.460103
0.795282 0.606239
0.749587 -0.661905
0.865959 -0.500115
0.803778 0.594930
0.850563 -0.525874
0.889434 0.457063
0.998985 0.045041
0.994605 0.103737
0.047560 -0.998868
0.999679 0.025341
0.605028 0.796204
0.825296 -0.564700
0.894718 0.446631
0.992961 0.118439
0.323617 0.946188
0.936334 -0.351111
0.952127 -0.305704
0.952196 -0.305488
0.960937 -0.276766
0.946331 -0.323199
0.125717 -0.992066
0.008386 -0.999965
0.037706 -0.999289
-0.040957 -0.999161
0.882720 0.469900
0.652554 0.757743
0.924569 0.381014
0.888688 0.458513
0.898597 -0.438775
0.901937 -0.431868
0.919245 0.393687
0.941734 -0.336360
0.889440 -0.457053
0.591972 0.805958
0.944460 0.328626
0.975644 0.219360
0.841387 0.540433
0.834680 0.550736
0.838977 -0.544167
0.652769 0.757557
0.654449 -0.756106
0.914972 0.403517
0.746597 0.665277
0.699027 0.715096
0.895463 -0.445135
0.695627 0.718403
0.940943 0.338565
0.919081 0.394069
0.846278 0.532741
0.429939 -0.902858
-0.001033 -0.999999
0.939692 0.342022
0.990496 -0.137540
0.998877 -0.047381
0.681842 0.731499
-0.001939 0.999998
0.964494 -0.264106
0.918738 -0.394867
0.006175 0.999981
-0.037611 0.999292
0.012566 -0.999921
0.002360 -0.999997
0.919819 -0.392343
0.999675 -0.025487
0.754525 0.656271
0.755930 0.654653
0.120576 0.992704
0.215394 0.976527
0.083005 -0.996549
0.999952 -0.009789
0.808704 0.588215
0.215344 -0.976538
0.251738 -0.967795
0.252995 0.967468
0.780508 -0.625145
0.533621 -0.845724
0.895995 0.444064
0.962413 0.271590
0.998044 0.062519
0.982658 0.185425
0.562937 0.826500
-0.895577 -0.444907
0.649738 0.760158
0.999772 -0.021346
0.075542 0.997143
0.083937 0.996471
0.930608 0.366016
0.903034 0.429569
0.888978 0.457950
0.944662 0.328044
0.501528 0.865142
0.947661 -0.319279
0.998672 -0.051527
0.457463 0.889229
0.268094 0.963393
0.296829 -0.954931
0.713225 0.700935
0.714795 0.699334
0.608322 0.793690
0.793572 0.608477
0.866991 0.498324
0.389101 -0.921195
0.706150 -0.708062
0.516594 -0.856231
0.987694 0.156400
0.931387 -0.364030
0.926683 -0.375843
0.996436 -0.084353
0.998455 0.055574
0.992970 -0.118365
0.994104 0.108430
0.578320 0.815810
0.955939 -0.293566
0.264640 0.964347
0.157796 0.987472
0.155849 -0.987781
0.170030 -0.985439
-0.003737 0.999993
0.152305 0.988334
-0.009916 0.999951
0.098403 0.995147
0.993484 -0.113967
0.987907 -0.155045
0.999906 0.013689
0.990988 -0.133952
-0.065268 0.997868
0.471584 -0.881821
0.621745 -0.783220
0.859258 0.511542
0.872873 0.487947
0.619321 0.785138
-0.003697 -0.999993
0.089214 0.996012
0.360116 -0.932907
0.325373 0.945586
0.281248 -0.959635
0.140358 -0.990101
0.998572 -0.053420
0.991588 -0.129433
0.043892 0.999036
0.089808 -0.995959
0.948411 -0.317044
0.226172 -0.974087
0.051236 -0.998687
0.999730 0.023223
0.999380 0.035211
0.999976 -0.006912
0.121143 -0.992635
-0.136356 -0.990660
0.152028 0.988376
0.995864 -0.090859
0.992304 -0.123825
0.519062 0.854737
0.999930 0.011859
0.999950 -0.009969
-0.145949 -0.989292
-0.302944 0.953008
0.990793 -0.135384
0.994288 -0.106727
0.999254 -0.038609
0.988932 -0.148371
-0.000421 1.000000
0.999644 -0.026662
0.994109 0.108383
0.204115 0.978947
0.997886 -0.064988
0.998256 -0.059032
0.926164 -0.377121
0.993979 -0.109567
-0.041821 -0.999125
0.999893 0.014643
0.006605 0.999978
0.206497 0.978447
0.972354 -0.233511
0.999929 0.011905
0.123659 0.992325
0.192738 0.981250
0.996472 -0.083921
0.998346 -0.057489
0.919577 0.392909
0.912729 0.408567
0.999854 0.017071
0.995061 0.099265
0.937239 0.348686
0.946340 -0.323173
0.978418 -0.206634
0.997752 -0.067020
0.997649 -0.068536
0.994135 -0.108144
0.300972 0.953633
0.037403 0.999300
0.082288 -0.996609
0.995529 0.094453
0.074246 0.997240
0.206275 0.978494
0.035491 0.999370
0.061172 -0.998127
0.802804 0.596243
0.866217 -0.499668
0.776742 -0.629819
0.920578 0.390558
0.795488 -0.605970
0.829402 -0.558652
0.730641 0.682762
0.538845 -0.842405
0.880612 -0.473838
0.728883 0.684638
0.926902 0.375304
0.812950 0.582334
0.850657 0.525720
0.852817 0.522210
0.987081 0.160225
0.948300 0.317375
0.847157 -0.531342
0.900196 -0.435485
0.916908 0.399098
0.957996 0.286781
0.900743 -0.434352
0.698983 -0.715139
0.982793 0.184708
0.998311 0.058104
0.973610 0.228217
0.968821 0.247764
0.983725 0.179682
0.999210 -0.039737
0.588149 0.808753
0.757862 -0.652415
0.992277 0.124043
0.880104 0.474781
0.987294 0.158902
0.939672 0.342075
0.966736 0.255776
0.967439 0.253104
0.973315 0.229475
0.969307 0.245855
0.969898 0.243512
0.864414 -0.502781
0.941763 -0.336278
0.937280 0.348577
0.939486 0.342586
0.971384 -0.237513
0.978577 -0.205879
0.991963 -0.126529
0.998569 -0.053474
0.128523 0.991707
-0.044427 0.999013
0.892233 -0.451576
0.866965 -0.498369
0.744337 -0.667805
0.963587 0.267396
0.990602 -0.136772
0.997770 0.066748
0.983679 0.179935
0.981408 0.191936
0.609921 0.792462
0.940963 -0.338510
0.951989 0.306131
0.732237 0.681050
0.121969 0.992534
0.015281 -0.999883
0.307736 0.951472
-0.234338 0.972155
0.916205 0.400709
0.995764 0.091950
0.858890 -0.512160
0.841967 -0.539529
0.949120 0.314914
-0.004057 -0.999992
0.949057 0.315105
0.918384 0.395690
-0.277136 -0.960831
0.124440 0.992227
0.056031 0.998429
0.195889 0.980626
0.949627 -0.313382
0.942789 -0.333389
0.879679 -0.475567
0.863817 -0.503805
0.842141 -0.539257
0.812166 -0.583427
0.975318 0.220807
0.968300 0.249790
-0.008808 0.999961
-0.084444 -0.996428
0.979193 -0.202934
0.893311 -0.449439
0.890349 -0.455278
0.693829 -0.720140
0.268434 -0.963298
0.992163 -0.124948
0.984167 0.177242
0.523656 0.851930
0.253715 -0.967279
0.726747 -0.686905
0.769647 -0.638469
0.837690 -0.546146
0.790389 -0.612605
0.975228 0.221202
0.982329 0.187163
-0.251940 -0.967743
0.979848 -0.199742
0.314313 0.949319
-0.065681 -0.997841
0.869047 -0.494730
0.840814 -0.541324
0.274821 0.961495
0.846875 -0.531792
0.817922 -0.575330
0.815792 -0.578346
0.930284 -0.366841
0.918659 -0.395051
0.963153 0.268954
0.979079 0.203480
0.963015 -0.269449
0.938782 -0.344512
0.996419 0.084547
0.999316 0.036977
0.945058 -0.326904
0.961797 -0.273764
0.910508 -0.413491
0.975768 -0.218807
0.563285 0.826263
0.861447 -0.507848
0.935467 -0.353414
0.585751 0.810491
0.982176 -0.187963
0.951540 -0.307524
0.936084 0.351776
0.954215 0.299123
0.996381 0.084999
0.848827 -0.528670
0.791403 -0.611294
0.460852 -0.887477
0.934330 -0.356408
0.972532 -0.232771
0.105722 -0.994396
0.973103 -0.230370
0.987954 -0.154749
0.397147 -0.917755
0.840209 -0.542262
0.453190 -0.891414
0.909573 0.415544
0.999317 -0.036962
0.464733 -0.885451
0.346706 -0.937974
0.436567 0.899672
0.988825 0.149079
0.206478 -0.978451
0.529261 -0.848459
0.922326 -0.386414
0.859949 0.510379
0.777734 0.628593
0.830700 0.556721
0.837976 0.545707
0.999971 -0.007673
0.010927 -0.999940
0.999006 0.044586
0.991198 0.132391
0.999390 0.034937
-0.087986 -0.996122
0.104803 -0.994493
0.104803 -0.994493
0.037015 -0.999315
0.034773 0.999395
0.262004 -0.965067
0.961864 -0.273528
0.903793 -0.427970
0.150962 0.988540
0.130934 -0.991391
0.305191 0.952291
0.186782 0.982401
0.019567 0.999809
-0.084537 -0.996420
0.564939 0.825133
0.510134 0.860095
0.719799 0.694182
0.670790 0.741647
0.000276 -1.000000
0.629627 0.776898
0.969388 -0.245535
-0.012868 0.999917
0.250989 -0.967990
0.913432 -0.406991
0.942816 -0.333313
0.576395 0.817171
0.922262 -0.386566
0.835232 -0.549898
0.881272 -0.472609
0.929646 -0.368454
0.947982 -0.318324
0.999352 -0.035987
0.999520 0.030967
0.889295 -0.457333
0.876958 -0.480568
0.464748 -0.885443
0.879518 0.475866
0.955419 0.295255
0.972795 0.231667
0.482659 0.875808
0.140417 0.990093
0.723321 0.690512
0.813921 -0.580976
0.998939 0.046056
0.157783 0.987474
0.999036 0.043899
0.999686 0.025050
0.539421 0.842036
0.940189 0.340654
0.948483 0.316827
0.951495 0.307666
0.014917 0.999889
0.955279 -0.295705
0.277319 0.960778
0.175720 -0.984440
-0.072344 0.997380
0.268204 -0.963362
0.996464 0.084018
0.007192 0.999974
0.999993 0.003626
0.977606 0.210442
0.979848 0.199745
0.906911 0.421321
0.914178 0.405313
0.674187 0.738561
0.638912 0.769280
0.704596 0.709608
0.786064 -0.618146
0.997036 -0.076942
0.524948 0.851134
0.834275 0.551349
0.683391 0.730052
0.998206 0.059866
0.985767 0.168115
0.995530 -0.094448
0.084826 -0.996396
-0.024498 -0.999700
0.203970 0.978977
-0.072973 -0.997334
0.212028 0.977264
0.992462 -0.122553
0.999996 -0.002956
0.843044 0.537845
0.741483 0.670971
0.920369 -0.391050
0.858591 -0.512661
0.550619 0.834756
0.785906 -0.618346
0.619819 0.784744
0.794844 -0.606814
0.808833 0.588038
0.884073 0.467349
0.999525 0.030829
0.983160 0.182745
0.999171 0.040712
0.992350 0.123459
0.991658 0.128898
0.990261 0.139226
0.974334 0.225108
0.982687 -0.185276
0.994753 -0.102306
0.907520 -0.420009
0.877370 -0.479814
0.601485 0.798884
0.045109 0.998982
-0.050493 0.998724
0.231685 0.972791
0.219963 0.975508
0.998668 -0.051601
0.983929 -0.178563
0.997350 -0.072759
0.998669 0.051585
0.991744 0.128232
0.517177 0.855879
0.954675 -0.297649
0.761260 0.648446
0.800701 0.599064
0.206498 -0.978447
0.990807 -0.135286
0.867408 -0.497598
0.530507 -0.847681
0.983345 0.181747
0.989609 0.143784
0.990062 0.140629
0.997481 0.070931
0.970280 0.241987
0.951407 0.307935
0.159747 0.987158
0.183530 0.983014
0.832234 0.554425
0.829413 0.558636
0.295047 0.955483
0.966525 -0.256573
0.747846 0.663872
0.809154 -0.587596
0.986100 0.166152
0.998695 0.051064
0.660810 0.750553
0.924621 -0.380888
0.795711 0.605677
0.802212 0.597039
-0.440002 -0.897997
0.828633 -0.559792
0.853012 0.521891
0.780764 -0.624826
0.909815 -0.415015
0.900453 -0.434954
0.834103 0.551609
0.876664 0.481104
0.915859 0.401500
0.937205 0.348780
0.882435 0.470435
0.832762 0.553631
0.171055 -0.985262
-0.024406 -0.999702
0.999034 0.043939
0.990168 0.139886
0.689598 -0.724192
0.918742 0.394859
0.547092 -0.837072
0.891319 0.453377
0.901656 0.432455
0.856389 0.516330
0.994253 0.107056
0.991557 0.129672
0.844553 0.535472
0.689022 -0.724740
0.835113 0.550078
0.523622 -0.851951
0.878658 -0.477453
0.607345 0.794438
0.640828 -0.767684
0.463229 -0.886239
0.995837 -0.091147
0.078238 0.996935
0.985426 0.170104
0.991282 0.131759
0.565137 0.824997
0.887624 -0.460569
0.993844 -0.110792
0.993015 -0.117989
0.946570 -0.322498
0.585686 -0.810538
0.962509 0.271250
0.976684 0.214681
0.897516 0.440983
0.527942 -0.849280
0.963736 0.266858
0.940810 0.338934
0.847758 0.530383
0.725574 0.688144
0.558745 0.829339
0.636460 -0.771310
0.923438 0.383747
0.920224 0.391392
0.572148 0.820151
0.999742 0.022724
0.999906 -0.013736
0.999084 0.042800
0.999924 -0.012349
0.999937 0.011242
0.991844 -0.127456
0.991554 -0.129697
0.946330 -0.323203
0.979948 -0.199251
-0.098109 -0.995176
-0.006712 -0.999977
0.984208 0.177017
0.935774 0.352602
0.003874 0.999992
-0.057758 -0.998331
0.178387 0.983960
0.999186 0.040337
0.980286 0.197585
0.981783 0.190005
0.782334 -0.622859
0.708700 0.705510
0.955388 -0.295355
0.812133 -0.583472
0.478719 -0.877968
-0.695319 0.718701
0.892318 -0.451408
0.908969 -0.416864
0.701949 0.712227
0.708585 0.705625
0.999187 -0.040312
0.997039 -0.076891
0.999798 -0.020102
0.996886 -0.078859
0.922628 0.385692
0.925152 0.379597
0.049063 -0.998796
0.007050 0.999975
0.933667 -0.358141
0.936878 -0.349657
0.999021 0.044246
0.998132 0.061090
-0.114248 0.993452
0.076011 0.997107
0.117886 -0.993027
0.056715 -0.998390
0.588812 -0.808270
0.920093 -0.391700
0.957642 0.287962
0.953735 0.300647
-0.027253 -0.999629
-0.045122 -0.998981
0.544472 -0.838779
0.981244 0.192768
0.605853 0.795577
0.900973 0.433876
0.199512 -0.979895
-0.023607 0.999721
-0.016840 -0.999858
0.177269 -0.984163
-0.091778 0.995779
0.029402 0.999568
0.632151 -0.774845
0.739639 -0.673004
0.981400 0.191974
0.990911 0.134518
0.969427 0.245380
0.951523 0.307578
0.986764 0.162164
0.994964 0.100234
0.915695 0.401874
0.874553 0.484930
0.672228 -0.740344
0.784482 -0.620152
0.805620 -0.592433
0.861456 -0.507831
0.923928 0.382565
0.778663 -0.627442
0.003055 -0.999995
0.994858 -0.101283
0.491522 0.870865
0.922101 -0.386950
0.925753 0.378129
0.938553 0.345136
0.758794 -0.651331
0.599426 0.800430
0.910898 0.412631
0.861368 -0.507981
0.104700 0.994504
0.049768 -0.998761
0.960742 -0.277445
0.463533 0.886079
0.888498 0.458880
0.873982 0.485959
0.967436 0.253115
0.969376 0.245580
0.932892 0.360157
0.950313 0.311296
0.998598 -0.052937
0.992859 -0.119294
0.733426 0.679769
0.748817 0.662777
0.134885 -0.990861
0.024869 -0.999691
0.043641 0.999047
0.463668 -0.886009
0.889873 -0.456208
0.439105 0.898436
0.662561 0.749008
-0.347751 -0.937587
0.994937 0.100501
0.239352 0.970933
0.935555 0.353182
0.917203 0.398421
0.035769 -0.999360
0.994228 -0.107285
0.127881 -0.991790
0.990395 -0.138265
0.997914 -0.064558
0.989755 0.142774
0.995458 0.095204
0.867143 0.498059
0.888365 0.459138
0.998577 -0.053338
0.998239 -0.059316
0.935145 -0.354266
0.973880 -0.227061
-0.159640 -0.987175
0.006691 -0.999978
0.930201 0.367051
0.859058 -0.511878
0.914768 -0.403979
0.840788 -0.541365
0.931268 -0.364334
0.986661 -0.162785
0.187337 0.982296
0.084952 -0.996385
0.984352 0.176216
0.957776 0.287514
0.918985 0.394293
0.897840 0.440321
0.879743 -0.475450
0.859170 -0.511691
0.006760 0.999977
0.136264 0.990673
0.128905 -0.991657
0.385212 0.922828
0.296115 0.955152
0.999334 -0.036479
0.937300 -0.348522
0.690410 0.723418
0.964663 -0.263488
0.981261 -0.192685
-0.215527 0.976498
-0.006865 -0.999976
0.016045 -0.999871
-0.067908 0.997692
0.701692 -0.712481
0.593012 -0.805193
0.981279 0.192592
-0.178214 0.983992
0.013104 0.999914
-0.016671 0.999861
-0.009884 -0.999951
0.999554 -0.029866
0.273433 -0.961891
0.999367 0.035583
0.998597 0.052944
0.980964 0.194188
0.951870 0.306501
0.054518 -0.998513
-0.119714 0.992808
0.993688 0.112177
0.997169 0.075192
0.467477 -0.884005
0.974237 0.225527
0.986210 -0.165496
0.510373 -0.859953
0.883799 0.467867
0.579332 -0.815092
0.198863 0.980027
-0.108989 0.994043
0.988261 -0.152773
0.326995 0.945026
0.349951 -0.936768
0.172371 0.985032
0.075600 -0.997138
-0.096777 0.995306
0.522658 0.852542
0.812013 0.583639
0.997247 0.074158
0.998419 0.056207
0.057093 -0.998369
0.999544 -0.030204
0.779524 0.626372
0.727685 0.685911
0.757334 -0.653028
0.880353 0.474319
0.962070 0.272803
0.970057 0.242879
0.979892 -0.199528
0.187441 0.982276
0.126240 0.992000
0.081286 -0.996691
0.487075 -0.873360
0.767554 -0.640985
-0.023616 0.999721
0.162578 -0.986696
0.987926 -0.154924
0.394104 0.919066
0.979506 -0.201415
0.948972 -0.315362
0.827941 -0.560815
0.607404 0.794393
0.315447 -0.948943
0.998971 0.045348
0.996747 -0.080599
-0.121475 0.992595
0.943427 -0.331580
0.165843 0.986152
1.000000 0.000915
0.999517 -0.031076
0.999694 0.024730
0.999290 0.037672
0.875624 -0.482994
0.646943 0.762539
0.997867 -0.065277
0.997916 -0.064533
0.985464 0.169887
0.979426 0.201802
0.988474 0.151394
0.983114 0.182994
0.815740 -0.578419
0.830439 -0.557110
0.993553 0.113369
0.933019 -0.359828
0.687285 0.726388
0.557920 0.829894
0.925242 -0.379377
0.741274 0.671202
0.945785 0.324794
0.946183 0.323633
0.987413 -0.158160
0.961480 -0.274876
0.882017 -0.471217
0.620670 -0.784072
0.990430 -0.138015
0.999544 -0.030180
0.487675 0.873025
0.883644 -0.468160
0.771170 -0.636629
0.726330 0.687346
0.930451 -0.366416
0.930297 -0.366806
0.047619 0.998866
-0.013428 -0.999910
0.977946 0.208858
0.338149 -0.941093
0.999770 -0.021465
0.998600 -0.052903
0.999098 0.042475
0.975002 0.222194
0.898859 -0.438237
0.830686 -0.556741
0.376451 0.926436
0.999410 -0.034356
0.045838 0.998949
0.952195 0.305490
-0.053659 -0.998559
0.072061 0.997400
0.463310 0.886196
0.989261 0.146162
0.615983 0.787760
0.913379 -0.407109
0.480711 0.876879
0.998873 -0.047461
0.995771 -0.091873
0.997939 -0.064174
0.085203 -0.996364
0.109440 0.993993
0.145408 0.989372
-0.103849 -0.994593
0.665138 -0.746720
0.083538 0.996505
0.033509 -0.999438
0.115574 0.993299
0.974750 0.223299
0.501807 -0.864979
0.122858 -0.992424
-0.196693 0.980465
0.972234 -0.234012
0.955752 -0.294173
1.000000 0.000796
0.128711 0.991682
0.936687 -0.350168
0.918945 -0.394387
0.110703 -0.993854
0.978928 -0.204207
0.982421 0.186681
0.986380 0.164483
0.964975 0.262342
0.958012 0.286728
0.977596 -0.210490
0.257419 0.966300
0.719883 0.694095
0.771514 -0.636212
0.758965 -0.651132
0.651131 0.758966
0.068331 -0.997663
-0.079666 0.996822
0.321837 0.946795
0.103230 -0.994657
-0.031349 -0.999509
0.059935 -0.998202
0.123466 0.992349
0.040533 -0.999178
0.094019 -0.995570
0.087862 -0.996133
-0.091822 0.995775
-0.124190 -0.992258
0.145319 -0.989385
0.012029 -0.999928
0.961344 -0.275350
0.986050 -0.166452
-0.132657 0.991162
-0.086215 0.996277
0.097204 -0.995265
0.918963 0.394343
0.952379 0.304915
0.938837 0.344361
0.887252 0.461285
0.916526 0.399976
0.890166 0.455637
0.821050 0.570856
0.945496 0.325633
0.943236 0.332123
0.898259 -0.439467
0.797357 -0.603508
0.683696 0.729767
0.583940 0.811797
0.983130 -0.182909
0.997403 -0.072028
0.993521 0.113648
0.995016 0.099717
0.712060 0.702119
0.890203 -0.455564
0.945993 0.324188
0.968223 0.250089
0.956891 -0.290448
0.971426 -0.237344
0.999628 -0.027278
0.999577 -0.029087
0.230254 0.973131
0.577124 0.816657
0.195316 -0.980740
-0.201400 0.979509
-0.084028 -0.996463
0.325353 0.945593
0.998215 0.059721
-0.007905 -0.999969
0.725096 0.688648
0.963028 -0.269401
-0.005621 0.999984
-0.046978 -0.998896
0.598568 0.801072
0.660838 0.750529
0.954169 0.299268
0.949852 0.312701
0.836957 -0.547269
0.666348 0.745641
0.302500 -0.953150
0.989202 -0.146556
0.016191 -0.999869
-0.004376 -0.999990
0.875039 -0.484052
0.131481 0.991319
0.874651 -0.484753
0.567060 0.823676
0.365034 0.930994
0.949924 -0.312482
0.266934 0.963715
0.424686 -0.905341
0.233818 -0.972280
0.999975 0.007120
0.580420 -0.814317
0.674803 -0.737998
0.865203 -0.501421
0.688885 0.724871
0.792326 0.610098
0.814290 0.580458
0.145551 -0.989351
0.280055 0.959984
0.999661 0.026045
0.999994 0.003450
0.905521 -0.424301
0.922725 -0.385458
0.972294 -0.233760
0.512225 0.858852
0.958624 0.284676
0.947976 0.318343
0.538232 -0.842797
0.774734 0.632288
0.153816 -0.988099
0.046543 0.998916
0.994078 -0.108667
0.993783 -0.111337
0.992006 0.126194
0.997930 0.064306
0.965398 0.260781
0.958926 0.283656
-0.017738 0.999843
0.061242 -0.998123
-0.025248 -0.999681
0.032263 -0.999479
0.780659 0.624957
0.650435 -0.759562
0.596510 0.802606
0.989674 -0.143335
-0.172680 -0.984978
0.249926 0.968265
0.998869 0.047538
0.999907 -0.013645
0.998500 0.054748
0.998112 0.061414
0.841141 0.540817
0.821432 0.570306
0.808609 0.588347
0.960326 0.278878
0.039388 -0.999224
0.008426 -0.999965
0.396392 0.918081
-0.226535 0.974003
0.107371 0.994219
-0.033820 -0.999428
0.970903 0.239474
0.165517 -0.986207
0.642479 -0.766303
0.790095 -0.612984
0.992469 0.122497
0.988511 0.151150
0.888568 0.458746
0.897426 -0.441166
0.897259 0.441505
0.648956 0.760826
0.661642 -0.749820
0.975822 0.218566
0.990901 0.134593
0.997159 0.075323
0.996411 0.084644
0.899461 0.437001
0.913862 0.406025
0.536021 0.844205
0.515084 0.857140
0.105359 -0.994434
0.998196 0.060039
0.925900 0.377769
0.964695 0.263368
0.937106 0.349044
0.948849 0.315732
0.923795 -0.382888
0.919994 -0.391933
0.991086 0.133225
0.985181 0.171519
0.312853 0.949801
0.228781 0.973478
0.198197 0.980162
0.829603 0.558354
0.855055 0.518537
0.389476 0.921037
-0.078996 0.996875
-0.171778 0.985136
0.103137 -0.994667
-0.112924 -0.993604
0.079195 -0.996859
0.998196 0.060037
0.998618 -0.052560
0.992991 -0.118193
-0.025644 -0.999671
0.998715 -0.050686
0.188886 -0.981999
-0.055110 0.998480
0.965544 -0.260241
0.970023 -0.243012
0.968274 -0.249890
0.367697 0.929946
0.866808 -0.498642
0.838121 -0.545484
0.811979 0.583687
0.671842 -0.740694
0.934427 0.356156
0.943912 0.330196
0.034858 -0.999392
0.009137 -0.999958
0.106831 -0.994277
-0.128858 0.991663
0.557812 0.829968
0.983435 0.181259
0.859129 0.511759
0.638353 0.769744
0.085805 -0.996312
0.000911 1.000000
0.130992 0.991383
0.108875 0.994055
0.998934 0.046170
0.998792 0.049144
-0.160616 -0.987017
0.054049 0.998538
0.006823 -0.999977
-0.003939 0.999992
0.957854 0.287256
0.871260 0.490822
0.771050 -0.636774
0.995528 0.094462
-0.098645 -0.995123
-0.015815 -0.999875
0.022620 -0.999744
-0.014190 0.999899
0.013150 -0.999914
-0.018832 0.999823
0.998026 0.062802
0.997744 0.067135
0.999130 0.041706
0.999157 0.041063
0.997207 0.074691
0.998746 0.050064
-0.019095 -0.999818
0.006727 0.999977
0.013117 -0.999914
0.013117 -0.999914
-0.010470 -0.999945
-0.003767 0.999993
-0.020221 -0.999796
0.033728 0.999431
-0.002445 -0.999997
0.009109 0.999959
0.585598 0.810602
0.950806 -0.309788
0.048109 0.998842
0.093103 0.995656
0.053862 0.998548
-0.002513 -0.999997
0.972738 0.231907
0.985756 0.168181
0.907241 0.420610
0.954769 0.297348
0.030745 -0.999527
0.115574 0.993299
0.998705 0.050876
0.999078 0.042922
0.982650 0.185470
0.997196 0.074836
0.992960 -0.118454
0.967816 -0.251658
0.719614 -0.694375
0.789696 -0.613498
0.716491 -0.697596
0.612873 -0.790181
0.998032 -0.062699
0.998757 -0.049842
0.523113 -0.852263
0.730434 0.682983
0.821621 -0.570034
0.556657 0.830743
0.222568 0.974917
0.794660 -0.607055
0.810939 0.585130
0.803409 0.595428
0.996259 -0.086416
0.997213 -0.074608
0.774050 0.633125
0.828500 0.559989
0.977943 -0.208874
0.039305 0.999227
0.998903 0.046835
0.996924 0.078369
0.171787 -0.985134
0.977613 -0.210412
0.989600 -0.143848
0.167401 0.985889
0.956909 -0.290389
0.970988 -0.239130
0.943061 -0.332620
0.943126 -0.332435
0.949856 -0.312689
0.956064 -0.293158
0.998310 0.058107
0.998963 0.045536
0.951715 0.306984
0.948890 0.315608
0.597161 0.802121
0.803833 0.594855
0.787814 0.615913
0.735304 0.677737
0.913132 0.407664
0.923346 0.383970
0.706929 -0.707285
0.663173 -0.748466
0.776411 0.630227
0.569566 0.821946
-0.011494 0.999934
0.010735 -0.999942
0.767024 0.641618
0.702082 -0.712096
0.800199 -0.599734
0.852504 -0.522721
-0.023134 0.999732
0.454011 0.890996
0.673423 -0.739257
0.656104 -0.754671
0.703891 0.710308
0.807166 -0.590325
0.982352 -0.187039
0.952448 -0.304701
0.140611 0.990065
-0.069151 0.997606
0.004055 0.999992
-0.010193 0.999948
0.064675 -0.997906
-0.059959 0.998201
0.050654 -0.998716
-0.082194 0.996616
0.265225 0.964186
0.557062 0.830471
0.737626 0.675209
0.691856 0.722035
0.914288 -0.405065
0.813415 -0.581684
0.787798 -0.615934
0.659364 0.751824
-0.065630 -0.997844
0.984392 -0.175992
0.024710 0.999695
0.048996 0.998799
0.992327 0.123645
0.977285 0.211929
0.637671 -0.770309
0.852998 0.521914
0.835837 0.548978
0.915571 -0.402157
0.567707 0.823231
0.928281 -0.371879
0.587539 -0.809196
0.764398 -0.644744
0.551125 -0.834423
0.550816 -0.834627
0.566453 -0.824094
0.303063 -0.952971
0.552318 0.833634
-0.525861 0.850570
0.632957 0.774187
0.892300 0.451444
0.003900 0.999992
-0.084257 0.996444
0.954449 0.298373
0.917137 0.398573
0.862410 -0.506211
0.875937 -0.482426
0.890924 0.454152
0.856381 0.516344
0.647474 0.762088
0.999621 0.027536
0.718232 -0.695804
0.983061 0.183278
0.946215 -0.323538
0.975599 -0.219560
0.997329 0.073043
0.995948 0.089935
0.800834 0.598886
0.993669 0.112344
-0.125646 0.992075
0.002571 -0.999997
0.661980 0.749521
0.627541 0.778584
0.858344 -0.513074
0.423789 -0.905761
-0.082011 -0.996631
0.036789 0.999323
0.992809 0.119713
0.999107 0.042245
