x y z u v
6.041842 0.889656 0.000000 0.976949 0.213473
2.041012 4.569519 0.000000 0.996799 0.079955
5.544191 1.685530 0.000000 0.996012 0.089216
5.773925 1.013124 0.000000 0.978368 0.206871
4.534096 1.830131 0.000000 0.999778 -0.021047
1.747587 1.066387 0.000000 0.997938 0.064178
5.676136 1.678233 0.000000 0.994925 0.100617
4.658237 1.671431 0.000000 0.999455 -0.033012
3.655213 1.463058 0.000000 0.998904 0.046810
5.081791 1.225844 0.000000 0.998760 0.049784
2.660098 1.255966 0.000000 0.991238 -0.132090
2.246245 0.401444 0.000000 0.999967 0.008133
0.074396 1.788200 0.000000 0.993505 -0.113790
1.354482 1.484128 0.000000 0.996831 -0.079546
0.902973 0.417472 0.000000 0.999063 0.043277
1.065720 2.381061 0.000000 0.371819 -0.928305
0.465741 2.699564 0.000000 0.997199 0.074798
0.724134 3.087808 0.000000 -0.742338 0.670026
0.650797 4.413796 0.000000 0.993660 0.112427
0.702991 5.138765 0.000000 0.999761 -0.021843
1.696090 5.661687 0.000000 0.999883 -0.015274
5.580263 4.542234 0.000000 1.000000 -0.000238
4.119605 4.531809 0.000000 0.999649 -0.026501
4.236075 3.519656 0.000000 0.435216 -0.900326
4.420225 2.578327 0.000000 0.497023 0.867737
8.280306 3.359322 0.000000 0.582265 0.812999
4.182151 4.419786 0.000000 0.999962 -0.008695
7.090789 4.787874 0.000000 0.998915 -0.046561
5.244608 1.946660 0.000000 -0.189077 -0.981962
8.699471 2.377352 0.000000 0.632359 0.774675
8.551065 2.090382 0.000000 0.844301 0.535869
7.516064 1.034685 0.000000 0.997836 -0.065755
5.732900 1.529251 0.000000 0.996960 0.077912
3.511691 0.855268 0.000000 0.999814 -0.019263
5.339262 1.164467 0.000000 0.995447 0.095322
5.035162 2.299480 0.000000 0.603151 -0.797627
4.458992 3.102120 0.000000 -0.225539 -0.974234
4.331386 3.030815 0.000000 0.329141 -0.944281
1.818313 5.017033 0.000000 0.999608 -0.027998
3.866687 4.841235 0.000000 0.999888 0.014954
4.972963 4.043373 0.000000 0.982292 -0.187354
3.499216 5.199007 0.000000 0.999988 -0.004808
6.020717 4.569345 0.000000 0.996446 -0.084234
5.491671 4.437511 0.000000 0.998348 -0.057450
6.018888 4.938999 0.000000 0.968766 -0.247978
8.186419 3.822607 0.000000 0.896192 -0.443667
7.434086 4.676389 0.000000 0.999134 -0.041603
8.712969 3.032130 0.000000 0.824896 -0.565284
7.716084 5.609550 0.000000 0.986293 0.165005
1.865736 4.847040 0.000000 0.999965 -0.008400
1.309319 0.323029 0.000000 0.999674 0.025540
7.724552 0.701791 0.000000 0.990624 -0.136620
8.368992 1.579884 0.000000 0.950111 0.311913
0.369057 4.456589 0.000000 0.998002 0.063176
7.832767 0.773330 0.000000 0.977567 -0.210626
3.194154 0.742623 0.000000 0.998877 -0.047385
5.028927 4.302277 0.000000 0.987139 0.159862
3.780444 5.416353 0.000000 0.999857 -0.016915
4.949982 1.392326 0.000000 0.999685 0.025079
4.576080 1.711125 0.000000 0.999680 -0.025300
4.412323 1.253329 0.000000 0.999589 0.028673
5.217876 3.881864 0.000000 0.327070 0.945000
4.546458 4.438133 0.000000 0.999700 0.024474
8.057914 2.201712 0.000000 0.931889 0.362744
8.305669 2.142184 0.000000 0.881173 0.472795
8.442645 4.329078 0.000000 0.930195 -0.367067
1.428275 4.355007 0.000000 0.990947 0.134250
1.011826 4.456875 0.000000 0.991207 0.132324
1.523262 1.495189 0.000000 0.996602 -0.082367
0.766895 1.420574 0.000000 0.999047 -0.043654
3.378752 4.994264 0.000000 1.000000 -0.000114
3.515625 5.925822 0.000000 1.000000 0.000446
3.992859 0.435168 0.000000 0.999678 0.025376
6.887703 5.170827 0.000000 0.986944 -0.161067
6.219965 5.102189 0.000000 0.982481 -0.186364
7.129697 0.927144 0.000000 0.985377 -0.170390
7.279086 1.495617 0.000000 0.987400 0.158245
5.242439 0.335239 0.000000 0.989377 0.145370
2.372914 4.961214 0.000000 0.998318 -0.057971
2.469622 4.772399 0.000000 0.999996 0.002677
2.307567 1.004754 0.000000 0.999916 0.012929
6.627516 0.341053 0.000000 0.973768 0.227541
6.693823 0.917854 0.000000 0.981412 -0.191915
2.506651 5.440734 0.000000 0.999901 0.014080
2.984249 4.845948 0.000000 0.994403 0.105656
2.736654 1.170281 0.000000 0.999779 0.021035
2.348300 0.149527 0.000000 1.000000 -0.000202
7.114336 4.610230 0.000000 0.976524 -0.215410
6.876955 5.046922 0.000000 0.901711 0.432340
5.687945 5.380318 0.000000 0.976445 -0.215766
8.946371 0.281250 0.000000 0.999181 -0.040471
0.568648 0.921352 0.000000 0.999003 0.044644
0.774608 3.514693 0.000000 0.833405 0.552663
0.857677 3.798543 0.000000 0.800762 -0.598983
0.128370 2.235647 0.000000 0.919559 -0.392952
8.620775 3.519038 0.000000 0.781781 -0.623553
8.713784 4.943707 0.000000 0.997934 0.064253
4.680344 3.438087 0.000000 0.437938 -0.899005
4.777851 3.931502 0.000000 0.997649 0.068537
0.290476 3.513106 0.000000 0.753564 0.657375
0.565797 4.249274 0.000000 0.991540 0.129801
0.779629 2.597276 0.000000 0.999871 0.016053
7.642790 4.540167 0.000000 0.960187 -0.279357
8.179583 4.319236 0.000000 0.952984 -0.303022
7.966749 1.257353 0.000000 0.982687 0.185272
8.484799 1.462720 0.000000 0.993265 0.115869
4.097385 2.568949 0.000000 0.627103 0.778936
4.719963 1.949951 0.000000 0.994713 -0.102692
0.134127 0.268518 0.000000 0.998749 0.050002
7.981477 0.391832 0.000000 0.991489 -0.130193
7.975484 0.139753 0.000000 0.994614 -0.103650
8.688078 5.857109 0.000000 0.998853 0.047884
0.385961 5.355182 0.000000 0.999492 -0.031863
3.944393 4.353646 0.000000 0.999247 -0.038793
3.290634 4.571239 0.000000 0.999492 -0.031874
2.157796 5.472145 0.000000 0.999998 0.001857
4.471474 0.809401 0.000000 0.997258 0.074001
4.223574 0.223761 0.000000 0.998814 0.048688
3.577313 0.510131 0.000000 0.999999 -0.001097
3.859532 2.110720 0.000000 0.796249 0.604969
3.530815 1.287764 0.000000 0.999825 -0.018688
4.867579 1.683999 0.000000 0.997755 -0.066968
4.983985 1.285301 0.000000 0.999218 0.039544
0.511174 2.918913 0.000000 0.995522 0.094534
0.858931 3.138392 0.000000 0.356456 0.934312
0.511174 3.054091 0.000000 0.980623 -0.195902
6.680975 5.561407 0.000000 0.975254 -0.221088
6.140448 5.872044 0.000000 0.993316 -0.115428
3.344547 0.891404 0.000000 0.999278 -0.037989
4.093207 0.784104 0.000000 0.999410 0.034341
3.584224 5.445725 0.000000 0.999931 -0.011768
3.261564 4.902215 0.000000 0.997110 0.075971
3.853884 4.719528 0.000000 0.999746 -0.022533
4.648380 5.707120 0.000000 0.997297 -0.073476
5.157250 5.282950 0.000000 0.990083 -0.140480
4.329676 5.595614 0.000000 0.997647 -0.068560
4.596299 5.611947 0.000000 0.995314 -0.096696
4.796406 4.763786 0.000000 0.999095 -0.042535
5.006794 5.046246 0.000000 0.994770 -0.102144
6.832189 0.804837 0.000000 0.992479 -0.122412
6.264835 0.566886 0.000000 0.991647 0.128981
7.016978 5.198337 0.000000 0.906876 -0.421398
7.453125 5.950820 0.000000 0.996884 0.078886
1.975782 1.223322 0.000000 0.996258 0.086426
0.701007 0.427786 0.000000 0.998837 0.048221
3.560657 0.250605 0.000000 0.999886 0.015077
1.997723 0.775131 0.000000 0.999528 0.030724
1.299066 5.293578 0.000000 0.999122 -0.041903
5.855465 0.129700 0.000000 0.989497 0.144553
6.463127 0.449473 0.000000 0.991998 0.126253
6.247199 5.664361 0.000000 0.997247 -0.074154
5.426397 0.537620 0.000000 0.985547 0.169400
3.736089 5.226357 0.000000 0.999997 0.002596
8.274199 3.076447 0.000000 0.909151 -0.416467
8.250896 2.958316 0.000000 0.186330 -0.982487
8.673889 2.671364 0.000000 0.856973 -0.515361
1.290142 4.354080 0.000000 0.975390 0.220488
1.399672 4.836618 0.000000 0.999967 -0.008166
1.171342 1.518743 0.000000 0.997338 -0.072923
0.932732 1.334059 0.000000 0.999009 -0.044514
7.888669 4.549203 0.000000 0.979313 -0.202352
7.861876 4.766346 0.000000 0.998895 -0.047001
4.544218 3.051057 0.000000 0.694815 -0.719188
4.227627 3.103305 0.000000 0.857497 -0.514489
4.656652 3.111742 0.000000 0.539458 0.842012
4.808748 3.470860 0.000000 0.365519 0.930804
5.949428 4.829653 0.000000 0.992164 -0.124942
5.883950 5.192144 0.000000 0.978548 -0.206021
8.015625 5.933207 0.000000 0.997244 0.074192
8.296090 5.496816 0.000000 0.994343 0.106216
7.719480 2.032373 0.000000 0.857669 0.514202
8.090268 1.275758 0.000000 0.997149 0.075462
8.277717 4.850715 0.000000 0.996524 -0.083307
8.346941 4.467663 0.000000 0.980480 -0.196619
0.614041 5.058055 0.000000 0.998988 -0.044987
1.390009 5.313408 0.000000 0.999126 -0.041808
1.529117 0.914469 0.000000 0.998817 0.048630
0.884142 0.752601 0.000000 0.999575 0.029167
2.340876 0.417249 0.000000 0.999923 -0.012449
7.746138 1.352930 0.000000 0.985307 0.170791
8.154197 1.573322 0.000000 0.953890 0.300156
7.901575 0.662267 0.000000 0.992726 -0.120399
8.244351 0.934227 0.000000 0.999945 -0.010451
0.715895 1.846482 0.000000 0.963733 -0.266870
0.495895 1.576630 0.000000 0.985782 -0.168027
0.829871 4.304870 0.000000 0.975430 0.220308
0.549834 4.869698 0.000000 0.999922 -0.012505
7.356922 4.404734 0.000000 0.917129 -0.398591
7.826525 4.457944 0.000000 0.963538 -0.267570
2.553974 0.854306 0.000000 0.999869 0.016208
2.154346 1.290856 0.000000 0.997961 0.063827
6.279337 1.455598 0.000000 0.999315 0.036998
6.336189 0.943279 0.000000 0.974609 0.223913
1.889282 0.528027 0.000000 0.999857 0.016930
1.700694 5.866350 0.000000 0.999985 -0.005492
3.480844 1.584604 0.000000 0.992335 0.123575
3.126354 1.200912 0.000000 0.999953 0.009677
5.857475 0.790827 0.000000 0.973194 0.229985
5.400461 0.787984 0.000000 0.985768 0.168109
6.174801 4.711685 0.000000 0.954719 -0.297508
6.320910 4.727236 0.000000 0.999674 -0.025527
1.960577 4.450683 0.000000 0.989180 0.146710
2.089524 4.827854 0.000000 1.000000 0.000338
8.330595 2.792470 0.000000 0.669889 -0.742461
8.594047 2.418240 0.000000 0.743130 -0.669147
0.468953 0.506242 0.000000 0.998498 0.054794
0.565760 5.207772 0.000000 0.999609 -0.027973
0.372328 5.731330 0.000000 0.999452 -0.033104
8.435799 5.521298 0.000000 0.995953 0.089877
8.624133 5.040374 0.000000 0.999785 0.020750
6.684137 5.244223 0.000000 0.986000 -0.166745
6.139633 4.917212 0.000000 0.968472 -0.249124
3.254388 0.298514 0.000000 0.999999 -0.001195
5.637771 1.427168 0.000000 0.999973 -0.007354
5.783119 1.284503 0.000000 0.995027 0.099610
2.833982 4.894428 0.000000 0.999909 -0.013526
3.068011 4.955234 0.000000 0.999929 0.011938
8.640287 5.722923 0.000000 0.998902 0.046850
8.602675 5.313973 0.000000 0.997972 0.063662
3.377251 1.635797 0.000000 0.999060 0.043349
3.722847 1.544956 0.000000 0.999898 0.014286
7.104041 0.233080 0.000000 0.999336 0.036444
6.929529 0.579376 0.000000 0.977851 -0.209302
1.107789 1.912636 0.000000 0.931440 -0.363896
0.586563 1.715380 0.000000 0.990075 -0.140541
0.965768 2.042248 0.000000 0.935338 -0.353756
0.798475 2.321309 0.000000 0.844408 0.535701
0.441074 4.258182 0.000000 0.988977 0.148070
0.555531 0.395956 0.000000 0.998932 0.046210
0.337266 0.510315 0.000000 0.999565 0.029482
0.557237 5.381007 0.000000 0.999433 -0.033676
5.024306 0.796331 0.000000 0.993117 0.117125
5.309120 1.054316 0.000000 0.990546 0.137178
1.998833 5.567389 0.000000 0.999922 -0.012517
2.230386 5.581699 0.000000 0.999952 -0.009780
0.523110 2.014664 0.000000 0.966422 -0.256959
0.345569 2.183390 0.000000 0.922518 -0.385954
3.239061 0.924326 0.000000 0.998126 -0.061188
3.302525 0.520914 0.000000 0.999997 0.002626
5.972510 0.127224 0.000000 0.999705 0.024276
6.045805 0.237933 0.000000 0.977229 0.212188
4.184234 5.017457 0.000000 0.999141 -0.041451
4.253236 4.933350 0.000000 0.999831 -0.018366
4.446571 5.356663 0.000000 0.996512 -0.083452
4.488767 5.615512 0.000000 0.997444 -0.071451
3.715847 5.697227 0.000000 0.999966 -0.008274
0.902396 5.144612 0.000000 0.999364 -0.035650
1.484119 4.581135 0.000000 0.999589 0.028684
6.704916 1.303546 0.000000 0.980802 0.195008
6.637526 1.220989 0.000000 0.999906 0.013730
5.468492 5.736962 0.000000 0.986499 -0.163769
6.119019 5.235288 0.000000 0.953684 -0.300810
7.509500 4.805388 0.000000 0.988886 -0.148674
8.184910 4.600345 0.000000 0.988284 -0.152627
4.213597 4.232175 0.000000 0.999456 0.032983
4.597414 3.883139 0.000000 -0.188822 0.982011
8.257231 5.385198 0.000000 0.994210 0.107454
1.201795 4.017404 0.000000 0.936842 0.349754
7.151479 5.111897 0.000000 0.977586 0.210536
7.421707 5.111041 0.000000 0.998100 0.061619
4.488821 2.479616 0.000000 0.182029 0.983293
4.959115 1.924792 0.000000 0.999690 -0.024918
7.756122 5.247104 0.000000 0.993560 0.113307
0.439296 2.824280 0.000000 0.995937 -0.090050
0.724134 2.912192 0.000000 -0.817492 -0.575940
6.509737 0.545775 0.000000 0.976577 0.215167
1.536119 1.327408 0.000000 0.999757 0.022039
0.836282 1.127762 0.000000 0.999879 -0.015570
2.713572 4.798163 0.000000 0.992019 0.126087
2.727318 4.639795 0.000000 0.993895 -0.110326
3.048248 5.094480 0.000000 0.997856 0.065446
2.873249 5.525311 0.000000 0.999784 0.020804
4.907051 4.470738 0.000000 0.997787 0.066493
4.358917 4.581651 0.000000 0.999996 -0.002783
4.313991 2.932998 0.000000 0.785662 0.618656
4.735134 3.023075 0.000000 0.217096 -0.976150
6.888102 1.501061 0.000000 0.977180 0.212415
6.876983 1.267763 0.000000 0.916774 0.399406
1.710665 5.001800 0.000000 0.998307 -0.058159
1.943523 4.671004 0.000000 0.997579 0.069545
8.023735 0.650888 0.000000 0.986628 -0.162986
7.593750 5.901641 0.000000 0.999119 0.041967
1.795192 0.484712 0.000000 0.999697 0.024602
1.692164 0.283071 0.000000 0.999885 0.015158
6.196428 5.454317 0.000000 0.988802 -0.149236
6.788272 5.288477 0.000000 0.999978 -0.006674
4.059292 4.174311 0.000000 0.999193 0.040163
4.005924 3.955578 0.000000 0.283848 -0.958869
5.061715 4.099736 0.000000 -0.076645 0.997058
4.692407 3.848639 0.000000 -0.387183 0.922003
5.202034 5.723627 0.000000 0.989025 -0.147747
2.455787 1.369398 0.000000 0.999209 -0.039757
2.640855 1.010284 0.000000 0.999988 0.004956
8.416415 0.964612 0.000000 0.999558 -0.029715
0.371808 1.853527 0.000000 0.982086 -0.188432
0.330775 2.022700 0.000000 0.953872 -0.300213
7.790528 1.136448 0.000000 0.999884 0.015236
7.620971 0.715141 0.000000 0.999554 -0.029862
8.613366 4.748543 0.000000 0.999471 0.032529
0.076952 5.727442 0.000000 0.997610 -0.069094
4.481814 1.062924 0.000000 0.998402 0.056507
4.354067 1.439917 0.000000 0.999910 0.013400
8.878535 2.781250 0.000000 0.358928 0.933365
8.577240 2.545103 0.000000 0.797774 0.602956
3.798220 5.055495 0.000000 0.999845 0.017586
3.438721 4.727582 0.000000 0.999936 0.011337
4.401664 4.807369 0.000000 0.999426 -0.033891
4.985483 5.215852 0.000000 0.993664 -0.112396
5.623639 5.282322 0.000000 0.982092 -0.188402
5.266108 5.276352 0.000000 0.986137 -0.165933
2.943178 0.251272 0.000000 0.999945 -0.010522
1.489534 0.744208 0.000000 0.998895 0.047000
1.669304 1.014377 0.000000 0.999649 0.026488
2.774768 0.517979 0.000000 0.999984 -0.005682
2.873050 0.133644 0.000000 0.999999 0.001144
7.644051 4.185178 0.000000 0.853450 -0.521174
5.035154 0.600874 0.000000 0.990659 0.136365
0.131911 4.068687 0.000000 0.972234 0.234013
0.294863 4.164720 0.000000 0.975244 0.221133
0.765766 3.379478 0.000000 0.997670 0.068228
0.747691 3.802807 0.000000 0.884397 0.466735
2.421786 5.677267 0.000000 0.999999 0.001052
2.982408 5.726986 0.000000 0.999974 0.007240
2.614819 5.753381 0.000000 0.999966 0.008255
2.388560 5.461722 0.000000 0.999995 -0.003211
0.152858 5.285179 0.000000 0.999873 -0.015938
0.218491 1.201292 0.000000 0.999971 -0.007626
0.428332 3.323015 0.000000 0.744668 0.667435
0.648776 2.594021 0.000000 0.962325 -0.271903
0.046451 3.093750 0.000000 0.691126 -0.722734
8.660072 1.990501 0.000000 0.882148 0.470971
8.945869 1.387277 0.000000 0.998751 0.049959
8.706548 3.644758 0.000000 0.676058 -0.736848
8.941458 3.054641 0.000000 0.203672 -0.979039
8.215452 4.503100 0.000000 0.959198 -0.282734
8.660792 3.738198 0.000000 0.824315 -0.566131
8.939859 1.032244 0.000000 0.999674 -0.025519
8.848625 0.699641 0.000000 0.998241 -0.059285
5.780989 5.152396 0.000000 0.977277 -0.211965
5.660240 5.626804 0.000000 0.979372 -0.202067
4.113430 0.286089 0.000000 0.999476 0.032366
4.341781 0.300764 0.000000 0.999089 0.042677
0.727661 3.915566 0.000000 0.915703 0.401856
1.247082 3.912725 0.000000 0.988712 0.149828
8.205644 1.670583 0.000000 0.949363 0.314181
8.292435 1.825698 0.000000 0.920044 0.391816
4.241968 2.385973 0.000000 0.720101 0.693870
4.150844 1.894225 0.000000 0.996942 -0.078150
4.271935 2.180231 0.000000 0.448401 0.893833
4.382735 2.199404 0.000000 0.572037 0.820228
3.915155 1.548452 0.000000 0.999726 0.023397
4.276701 1.523805 0.000000 0.999988 0.004997
0.413212 4.600678 0.000000 0.994903 0.100835
0.248270 4.429875 0.000000 0.989546 0.144220
0.899564 4.544332 0.000000 0.997238 0.074267
0.726640 4.788856 0.000000 0.999970 -0.007741
0.574201 1.360787 0.000000 0.999205 -0.039878
0.615750 1.255552 0.000000 0.998236 -0.059368
8.530294 0.304752 0.000000 0.997415 -0.071858
1.068746 2.025469 0.000000 0.928329 -0.371760
1.218111 1.714358 0.000000 0.976537 -0.215351
0.388449 1.288347 0.000000 0.999662 -0.025993
7.942655 4.122990 0.000000 0.911559 -0.411168
8.098780 3.946159 0.000000 0.894664 -0.446739
8.528305 1.877818 0.000000 0.878592 0.477573
8.674550 2.241845 0.000000 0.850866 0.525382
8.933151 4.009060 0.000000 0.785166 -0.619285
8.711731 4.225021 0.000000 0.980399 -0.197022
8.872263 4.102271 0.000000 0.979393 -0.201963
6.378208 4.618742 0.000000 0.991673 -0.128785
6.498103 4.864276 0.000000 0.972991 -0.230843
3.992741 2.064278 0.000000 0.374978 0.927034
3.827894 1.496616 0.000000 0.999194 0.040142
3.150146 0.311871 0.000000 0.999923 -0.012405
2.891881 0.344073 0.000000 0.999985 -0.005386
7.653582 1.955611 0.000000 0.845857 0.533410
8.080442 1.816753 0.000000 0.926263 0.376879
4.255216 3.904066 0.000000 0.436197 -0.899851
4.372936 3.458704 0.000000 0.691756 -0.722131
4.461592 4.414162 0.000000 0.999757 0.022024
4.596482 4.824076 0.000000 0.999328 -0.036657
3.898487 5.077798 0.000000 0.999603 -0.028180
3.776316 4.926163 0.000000 0.999942 -0.010769
5.764512 0.773150 0.000000 0.980791 0.195059
5.220222 1.307585 0.000000 0.997945 0.064077
3.153912 0.876701 0.000000 0.999971 -0.007589
3.267819 1.260854 0.000000 0.997419 -0.071802
7.698486 4.906877 0.000000 0.988602 -0.150550
7.528938 4.488075 0.000000 0.976726 -0.214489
7.631892 5.130248 0.000000 0.999973 -0.007403
7.976597 5.235283 0.000000 0.988246 0.152869
8.410560 0.485630 0.000000 0.995317 -0.096669
4.254677 5.524384 0.000000 0.998206 -0.059875
3.907488 5.692722 0.000000 0.999943 -0.010698
2.276287 0.679284 0.000000 0.999941 -0.010834
2.659790 0.885705 0.000000 0.998564 -0.053569
4.734673 0.514455 0.000000 0.994346 0.106190
4.503476 0.521964 0.000000 0.995394 0.095867
4.811092 0.312121 0.000000 0.995815 0.091394
4.590837 0.114534 0.000000 0.998844 0.048066
1.965043 4.771494 0.000000 0.997297 -0.073471
2.492581 5.190950 0.000000 0.999550 0.030006
2.879424 5.405360 0.000000 0.999961 0.008823
2.349421 5.566481 0.000000 0.999996 -0.002658
2.556123 5.661890 0.000000 0.999997 0.002581
2.556253 5.879135 0.000000 1.000000 0.000290
4.943646 0.901344 0.000000 0.993434 0.114403
4.978221 0.698238 0.000000 0.991844 0.127458
6.546542 0.057856 0.000000 0.999203 -0.039908
6.310984 0.645221 0.000000 0.936676 0.350197
4.897711 2.329041 0.000000 0.077916 -0.996960
4.759208 2.617648 0.000000 0.408334 -0.912833
4.325516 2.576412 0.000000 0.555799 0.831317
7.417300 1.063470 0.000000 0.999536 0.030444
7.661011 1.451454 0.000000 0.984516 0.175296
4.347527 0.768764 0.000000 0.998062 0.062228
4.589583 0.751888 0.000000 0.996350 0.085359
7.043833 4.676338 0.000000 0.919066 -0.394105
3.985385 0.650004 0.000000 0.999719 0.023699
3.818032 0.527908 0.000000 0.999965 0.008348
6.484231 0.794448 0.000000 0.981321 0.192375
6.451343 0.629402 0.000000 0.996386 0.084941
3.583497 1.672528 0.000000 0.999997 -0.002382
3.701487 1.652914 0.000000 0.997619 0.068967
5.204166 4.027666 0.000000 0.461730 0.887020
5.464884 4.230691 0.000000 0.633492 0.773749
7.546875 0.145437 0.000000 0.998602 -0.052863
7.472146 0.352190 0.000000 0.992980 -0.118284
0.167611 3.429712 0.000000 0.915633 -0.402014
0.565720 2.490582 0.000000 0.338020 -0.941139
5.328431 5.171980 0.000000 0.986426 -0.164208
5.631149 4.919880 0.000000 0.989176 -0.146734
8.220082 3.550803 0.000000 0.853351 -0.521337
8.175171 3.422205 0.000000 0.920788 -0.390064
1.814134 5.190150 0.000000 0.999379 -0.035240
1.358660 4.603754 0.000000 0.996816 0.079738
3.375000 0.105924 0.000000 0.999984 -0.005638
3.747399 0.443448 0.000000 0.999539 0.030362
5.123530 5.503328 0.000000 0.989280 -0.146028
4.969385 5.338607 0.000000 0.991066 -0.133371
4.983056 1.729196 0.000000 0.986889 -0.161398
5.039786 1.840581 0.000000 0.953998 -0.299814
0.271338 2.244878 0.000000 0.896488 -0.443069
1.029722 5.089720 0.000000 0.998879 -0.047344
1.314642 4.806071 0.000000 0.999894 -0.014572
4.041825 0.962290 0.000000 0.999848 0.017428
3.977827 1.041641 0.000000 0.999895 0.014503
1.403022 0.688891 0.000000 0.999152 0.041180
1.219859 0.888426 0.000000 0.999414 0.034218
6.937238 0.706414 0.000000 0.919569 0.392929
7.106365 0.728968 0.000000 0.995376 0.096055
6.674544 1.129592 0.000000 0.949614 0.313421
6.598817 0.906550 0.000000 0.917345 0.398093
3.658491 4.905468 0.000000 0.999506 0.031429
3.839820 5.260138 0.000000 0.999646 -0.026607
7.256962 5.162466 0.000000 0.967019 -0.254703
7.613209 5.033632 0.000000 0.985278 0.170959
4.267626 4.029118 0.000000 0.999965 0.008361
4.182202 4.137159 0.000000 0.999971 0.007581
1.565274 0.355487 0.000000 0.999836 0.018106
1.101320 0.390530 0.000000 0.999300 0.037408
3.167111 4.492912 0.000000 0.999543 -0.030227
3.391900 4.517515 0.000000 0.999775 0.021217
5.584544 5.743024 0.000000 0.986938 -0.161101
5.614069 5.873498 0.000000 0.994144 -0.108065
7.041838 1.243536 0.000000 0.824524 0.565827
3.992938 1.748333 0.000000 0.999995 0.003125
4.345861 1.961692 0.000000 0.940081 -0.340950
8.518249 3.304356 0.000000 0.701657 0.712514
8.602806 3.082958 0.000000 0.835857 -0.548947
0.924077 5.618606 0.000000 0.999394 -0.034811
1.129005 5.622436 0.000000 0.999580 -0.028973
1.603219 1.442950 0.000000 0.992826 -0.119569
1.889009 1.576403 0.000000 0.972095 -0.234587
5.820208 0.270265 0.000000 0.988745 0.149607
5.756333 0.053646 0.000000 0.990926 0.134405
8.606987 3.159065 0.000000 0.909802 -0.415042
8.699629 3.424471 0.000000 0.532030 -0.846725
8.184909 1.765753 0.000000 0.935400 0.353590
8.023176 1.444985 0.000000 0.976510 0.215473
0.424011 5.943779 0.000000 0.999163 -0.040901
0.313463 5.858722 0.000000 0.999350 -0.036056
4.218750 0.111026 0.000000 0.999919 0.012719
4.078125 0.052467 0.000000 0.999912 0.013291
4.812699 5.159277 0.000000 0.996206 -0.087023
4.929211 5.135960 0.000000 0.993706 -0.112017
4.868894 5.913072 0.000000 0.997786 -0.066513
4.795730 5.616717 0.000000 0.994733 -0.102499
4.796885 5.848259 0.000000 0.998096 -0.061676
7.769660 5.484677 0.000000 0.996009 0.089247
8.121712 5.364429 0.000000 0.992245 0.124300
0.320964 4.698690 0.000000 0.999835 0.018145
0.414300 4.911500 0.000000 1.000000 -0.000898
0.083403 0.823914 0.000000 0.998425 0.056103
0.559136 1.149986 0.000000 0.999964 0.008452
4.247888 3.633402 0.000000 0.707711 -0.706502
4.134813 3.864652 0.000000 0.576401 -0.817167
6.433027 5.764130 0.000000 1.000000 0.000248
6.277014 5.564249 0.000000 0.953554 -0.301223
6.792290 5.851311 0.000000 0.984637 0.174614
6.890625 5.949185 0.000000 0.999647 -0.026568
7.174838 5.734692 0.000000 0.999566 0.029461
6.779388 5.557654 0.000000 0.997346 0.072813
5.326635 4.691970 0.000000 0.997848 -0.065576
5.226272 4.673158 0.000000 0.999127 -0.041774
0.847886 2.458477 0.000000 0.981316 -0.192403
0.961192 2.488753 0.000000 0.591367 -0.806403
0.889919 3.690658 0.000000 0.922076 0.387009
0.634892 3.382769 0.000000 0.890300 0.455375
0.594744 3.901496 0.000000 0.939150 0.343508
0.322365 5.136392 0.000000 0.999642 -0.026752
0.311808 5.275858 0.000000 0.998859 -0.047765
4.479600 3.254962 0.000000 0.761257 -0.648450
3.990898 3.395167 0.000000 0.419593 -0.907712
8.849537 3.424471 0.000000 0.815386 -0.578917
7.327783 0.973869 0.000000 0.933697 0.358063
7.016359 0.898119 0.000000 0.944915 0.327316
7.726633 0.960823 0.000000 0.991801 -0.127793
7.918352 1.147343 0.000000 0.999405 -0.034484
8.373001 1.248913 0.000000 0.999865 0.016457
8.156019 0.986081 0.000000 0.997836 -0.065744
4.194895 1.263876 0.000000 0.999950 0.010012
4.092994 0.667440 0.000000 0.999267 0.038288
5.862021 0.937092 0.000000 0.982174 0.187974
5.593409 1.043632 0.000000 0.987921 0.154960
6.160187 1.378051 0.000000 0.998821 -0.048547
6.045847 1.418782 0.000000 0.998955 0.045696
8.353198 0.585518 0.000000 0.993891 -0.110367
8.718528 0.657967 0.000000 0.997570 -0.069667
8.099183 0.754129 0.000000 0.992046 -0.125873
8.274969 0.799189 0.000000 0.993980 -0.109558
1.325386 5.655489 0.000000 0.999754 -0.022197
1.288318 5.933193 0.000000 0.999972 -0.007417
7.420369 0.606372 0.000000 0.997393 -0.072156
7.473373 0.246473 0.000000 0.996212 -0.086955
0.826767 0.135874 0.000000 0.999744 0.022607
0.765945 0.222866 0.000000 0.999808 0.019583
0.438775 0.061074 0.000000 0.999345 0.036185
8.402875 5.173746 0.000000 0.992496 0.122278
8.046671 4.717598 0.000000 0.999431 -0.033731
8.064133 4.178946 0.000000 0.917343 -0.398098
8.356141 4.372176 0.000000 0.947868 -0.318665
8.418496 4.738729 0.000000 0.999616 -0.027710
8.712036 4.818707 0.000000 0.998767 -0.049641
1.999004 0.369101 0.000000 0.999938 0.011145
1.423171 0.549709 0.000000 0.999227 0.039309
8.304846 5.194866 0.000000 0.997514 0.070471
4.655391 1.227189 0.000000 0.999758 0.022014
4.832985 1.381790 0.000000 0.999965 0.008398
3.390330 5.140822 0.000000 0.998933 0.046191
3.030909 5.312909 0.000000 0.999688 0.024973
4.359375 0.058559 0.000000 0.999682 0.025231
4.472406 0.122034 0.000000 0.999659 0.026110
6.571335 1.015188 0.000000 0.985891 0.167387
6.432804 1.024009 0.000000 0.970057 0.242878
4.152632 1.174525 0.000000 0.999425 0.033911
4.328502 1.305711 0.000000 0.999811 0.019427
4.998190 4.693213 0.000000 0.999083 -0.042810
4.877027 4.672460 0.000000 0.999963 -0.008636
4.635001 4.341268 0.000000 0.997856 0.065442
4.584468 4.220867 0.000000 0.998412 0.056335
5.086226 4.226322 0.000000 0.969625 0.244594
5.021394 4.495046 0.000000 0.999157 0.041042
7.231810 4.602940 0.000000 0.999991 0.004244
8.911060 2.530975 0.000000 -0.218700 -0.975792
1.529052 4.463522 0.000000 0.978350 0.206958
1.492425 4.261418 0.000000 0.906918 0.421307
1.562678 5.639402 0.000000 0.999825 -0.018699
1.597892 5.258061 0.000000 0.999119 -0.041977
4.479279 3.518282 0.000000 0.055137 -0.998479
5.054010 3.620523 0.000000 0.281078 0.959685
7.170832 5.633020 0.000000 0.994839 0.101467
7.265023 5.531802 0.000000 0.995338 0.096449
1.325364 0.943763 0.000000 0.998317 0.057997
1.448346 0.866414 0.000000 0.999312 0.037096
8.534900 2.809684 0.000000 0.890794 0.454406
8.438551 2.740741 0.000000 0.914773 0.403968
6.771435 0.130056 0.000000 0.999308 -0.037189
6.539062 5.932098 0.000000 0.999890 0.014845
8.187258 0.389998 0.000000 0.992687 -0.120718
8.126988 0.285650 0.000000 0.993940 -0.109924
7.593750 5.803281 0.000000 0.992287 0.123964
7.734375 5.950820 0.000000 0.995951 0.089903
7.704915 0.290882 0.000000 0.998092 -0.061747
7.453125 0.048479 0.000000 0.994438 -0.105325
2.980509 5.600325 0.000000 0.999997 0.002638
3.394018 5.856319 0.000000 0.999991 0.004161
6.640292 0.057856 0.000000 0.993139 -0.116940
6.328125 0.054648 0.000000 0.993805 0.111141
7.034265 5.792741 0.000000 0.999715 0.023853
7.315956 5.896409 0.000000 0.999234 0.039136
4.129487 5.561618 0.000000 0.999291 -0.037661
4.609910 5.948381 0.000000 0.998959 -0.045612
2.693663 0.342598 0.000000 0.999990 -0.004479
2.500469 0.310944 0.000000 0.999998 -0.002160
2.116236 5.936830 0.000000 0.999999 -0.001014
2.360507 5.946077 0.000000 1.000000 -0.000749
3.361871 0.210195 0.000000 0.999993 0.003826
3.515625 0.058864 0.000000 1.000000 0.000045
4.905531 0.061398 0.000000 0.997972 0.063658
5.205477 0.069588 0.000000 0.995757 0.092018
2.085034 0.281232 0.000000 0.999989 0.004698
1.685588 0.136301 0.000000 0.999991 0.004352
1.442137 5.723515 0.000000 0.999745 -0.022577
1.828125 5.942414 0.000000 0.999995 -0.003056
1.162791 0.163385 0.000000 0.999909 0.013504
1.273378 0.066807 0.000000 0.999938 0.011125
0.818405 5.675346 0.000000 0.999001 -0.044692
1.022735 5.679721 0.000000 0.999255 -0.038600
8.876058 0.201680 0.000000 0.999972 -0.007433
8.760381 0.234571 0.000000 0.998842 -0.048110
8.076866 5.703428 0.000000 0.991729 0.128348
8.574391 5.939813 0.000000 0.999211 0.039717
5.783515 5.648149 0.000000 0.985419 -0.170144
6.125093 5.728714 0.000000 0.987762 -0.155967
0.217065 0.075597 0.000000 0.998445 0.055738
3.624256 5.864519 0.000000 1.000000 -0.000803
3.617357 5.735638 0.000000 0.999972 -0.007456
8.713605 4.436167 0.000000 0.997159 -0.075323
8.947981 4.406250 0.000000 0.997821 -0.065974
6.233046 4.988201 0.000000 0.975969 -0.217910
6.382559 4.822999 0.000000 0.943567 -0.331181
8.645036 1.125506 0.000000 0.997884 -0.065016
8.514358 0.994589 0.000000 0.999043 -0.043729
2.037972 5.462629 0.000000 0.999890 -0.014815
1.871927 5.112608 0.000000 0.999040 -0.043807
5.661328 4.323062 0.000000 0.998618 -0.052548
5.683535 4.517038 0.000000 0.996906 -0.078604
4.282663 5.288140 0.000000 0.998957 -0.045651
4.204162 5.353974 0.000000 0.998643 -0.052083
4.865146 3.211043 0.000000 0.293787 0.955871
4.958020 3.316885 0.000000 0.149308 0.988791
4.930275 2.766453 0.000000 0.159901 -0.987133
4.275681 2.770062 0.000000 -0.154098 -0.988056
4.034205 2.767719 0.000000 0.501118 0.865379
4.244632 3.241734 0.000000 0.586358 -0.810052
4.369000 3.322086 0.000000 -0.198444 0.980112
3.061099 0.980500 0.000000 0.997613 -0.069050
2.745125 0.777514 0.000000 0.999952 -0.009832
7.629760 4.779483 0.000000 0.999530 -0.030668
7.892192 4.968335 0.000000 0.998534 -0.054131
4.232778 2.485798 0.000000 0.552029 0.833825
4.440586 2.079747 0.000000 0.206192 0.978512
0.607245 2.403075 0.000000 0.690675 -0.723166
0.687482 2.322195 0.000000 0.836507 -0.547957
8.234102 5.748308 0.000000 0.994747 0.102363
8.119369 5.876349 0.000000 0.997502 0.070638
7.877930 5.284865 0.000000 0.997523 0.070337
8.086456 5.250282 0.000000 0.990841 0.135035
0.151044 0.698914 0.000000 0.999757 0.022059
1.919932 1.351344 0.000000 0.994179 -0.107741
1.900504 1.169375 0.000000 0.999862 -0.016609
0.275754 2.725118 0.000000 0.624813 -0.780774
0.060461 2.569752 0.000000 0.879949 -0.475069
4.319150 0.418289 0.000000 0.996605 0.082336
4.614311 0.592538 0.000000 0.995707 0.092565
1.023876 5.330074 0.000000 0.999093 -0.042581
0.900278 5.269643 0.000000 0.999022 -0.044223
0.979885 0.356683 0.000000 0.999123 0.041865
0.791184 0.333121 0.000000 0.999022 0.044221
0.990012 0.775048 0.000000 0.998725 0.050482
1.214645 0.788510 0.000000 0.998612 0.052662
0.818405 5.832713 0.000000 0.999851 -0.017243
0.700106 5.919518 0.000000 0.999763 -0.021751
8.670768 5.192883 0.000000 0.996693 0.081254
8.835423 5.221214 0.000000 0.999891 0.014758
0.633865 4.145968 0.000000 0.968433 0.249274
0.551342 4.012322 0.000000 0.958275 0.285848
2.089299 0.794834 0.000000 0.999962 0.008709
1.627668 0.717814 0.000000 0.999132 0.041653
2.201317 0.276264 0.000000 1.000000 -0.000085
2.235403 0.147707 0.000000 0.999999 -0.001400
4.770596 5.725762 0.000000 0.993725 -0.111851
5.085962 5.396439 0.000000 0.990056 -0.140675
7.732373 3.952118 0.000000 0.892684 -0.450684
7.863474 4.169269 0.000000 0.916418 -0.400223
2.878455 0.795050 0.000000 0.999076 -0.042972
2.938030 0.947667 0.000000 0.999801 -0.019928
7.479690 1.489329 0.000000 0.986731 0.162365
7.892619 1.459069 0.000000 0.983648 0.180100
8.131958 2.946867 0.000000 0.539604 -0.841919
8.058948 2.841470 0.000000 0.998068 -0.062133
8.039052 0.273009 0.000000 0.995364 -0.096182
8.263096 0.606540 0.000000 0.988285 -0.152622
5.969995 1.328341 0.000000 0.999915 -0.013066
5.938637 1.136277 0.000000 0.990841 0.135032
6.202361 1.003209 0.000000 0.948505 0.316763
5.956043 0.983336 0.000000 0.971298 0.237866
2.392865 0.931916 0.000000 0.999830 0.018430
2.128359 0.912513 0.000000 0.999644 0.026668
4.535007 2.048377 0.000000 0.944623 -0.328158
4.581552 1.919579 0.000000 0.998071 -0.062086
8.412679 3.375780 0.000000 0.922889 -0.385066
8.409207 3.801799 0.000000 0.899900 -0.436096
2.451830 4.645094 0.000000 0.999482 0.032168
2.579294 4.563544 0.000000 0.999999 -0.001311
3.188213 4.705555 0.000000 0.999990 -0.004382
3.131072 5.320906 0.000000 0.999736 0.022989
3.367019 5.428590 0.000000 0.999995 0.003200
1.131699 4.524112 0.000000 0.994833 0.101529
1.265459 4.485213 0.000000 0.998188 0.060179
2.408846 0.293888 0.000000 0.999997 0.002454
2.775513 0.382280 0.000000 0.999916 -0.012938
2.511701 1.247994 0.000000 0.996070 0.088574
2.332874 1.377217 0.000000 0.999810 -0.019504
3.863966 1.020977 0.000000 0.999989 -0.004588
3.771591 0.939601 0.000000 0.999893 0.014638
7.665073 0.425031 0.000000 0.989523 -0.144376
7.863232 0.142716 0.000000 0.997261 -0.073969
0.085610 4.585763 0.000000 0.999580 0.028988
0.722069 4.598222 0.000000 0.998733 0.050314
0.592125 4.767200 0.000000 0.998518 0.054427
0.644498 1.051437 0.000000 0.999880 -0.015522
0.654141 0.832238 0.000000 0.999711 0.024037
0.444990 1.506279 0.000000 0.998855 -0.047837
0.054232 1.593750 0.000000 0.998043 -0.062532
0.470257 1.678839 0.000000 0.990552 -0.137137
0.480727 1.389823 0.000000 0.997784 -0.066533
0.766414 4.712089 0.000000 0.998080 0.061939
0.821913 4.886255 0.000000 0.999854 0.017106
8.494405 5.331335 0.000000 0.997847 0.065586
8.517519 5.475480 0.000000 0.992694 0.120661
8.418389 4.222700 0.000000 0.937994 -0.346651
8.525867 3.845599 0.000000 0.884777 -0.466015
4.742468 2.070842 0.000000 0.992340 -0.123536
3.242567 5.700015 0.000000 0.999940 0.010912
3.383192 5.730906 0.000000 0.999982 -0.005968
7.818319 3.920561 0.000000 0.903906 -0.427730
8.131868 3.618747 0.000000 0.547762 0.836634
0.159928 3.815208 0.000000 0.875480 0.483255
0.310430 3.860155 0.000000 0.973980 0.226635
5.312805 0.791165 0.000000 0.989082 0.147364
5.333107 1.264845 0.000000 0.997364 0.072557
3.866137 3.900309 0.000000 0.793734 -0.608265
3.865275 3.757789 0.000000 0.523396 -0.852089
8.542105 1.088285 0.000000 0.999855 -0.017041
8.494356 1.220333 0.000000 0.998090 0.061783
6.214271 1.224954 0.000000 0.952682 0.303968
6.340463 1.219374 0.000000 0.987651 0.156672
2.258044 1.281266 0.000000 0.993737 -0.111745
2.268743 1.104690 0.000000 0.999798 -0.020105
5.815816 5.378505 0.000000 0.981234 -0.192822
5.957900 5.013127 0.000000 0.984299 -0.176511
5.315202 0.149508 0.000000 0.994978 0.100096
5.195764 0.667459 0.000000 0.990327 0.138753
5.315781 0.546639 0.000000 0.987461 0.157860
8.065123 0.880916 0.000000 0.999953 -0.009723
7.584640 0.923479 0.000000 0.984808 0.173648
2.830086 1.393038 0.000000 0.999770 -0.021430
2.869806 1.158634 0.000000 0.999994 -0.003595
2.987581 5.390346 0.000000 0.999935 0.011418
3.279735 5.362397 0.000000 0.999287 0.037762
5.496129 0.404047 0.000000 0.981509 0.191418
5.648372 0.405435 0.000000 0.984184 0.177148
8.476890 4.993943 0.000000 0.995804 0.091513
8.370915 4.824960 0.000000 0.999262 -0.038424
0.945750 2.171626 0.000000 0.920177 -0.391502
1.053844 2.242709 0.000000 0.883088 0.469207
6.001032 4.472936 0.000000 0.995361 0.096209
0.944109 1.114784 0.000000 0.999904 0.013876
1.006565 1.042281 0.000000 0.999967 0.008063
3.446454 5.639238 0.000000 0.999976 0.006879
3.184192 5.405506 0.000000 0.999856 0.016970
1.168927 4.968905 0.000000 0.999014 -0.044407
1.238404 5.380224 0.000000 0.999112 -0.042132
2.853075 1.486293 0.000000 0.992400 0.123057
0.696359 5.520502 0.000000 0.998493 -0.054873
0.567724 5.550478 0.000000 0.998689 -0.051188
1.560069 5.923935 0.000000 0.999986 -0.005296
1.442137 5.857129 0.000000 0.999974 -0.007153
1.547763 0.489018 0.000000 0.999468 0.032621
1.830016 0.683302 0.000000 0.999396 0.034761
1.425827 0.141910 0.000000 0.999964 0.008541
1.558699 0.075103 0.000000 0.999976 0.006957
1.655715 5.387699 0.000000 0.999318 -0.036939
1.537730 5.500487 0.000000 0.999592 -0.028568
7.733049 5.719826 0.000000 0.995082 0.099052
8.127833 5.768246 0.000000 0.994049 0.108930
3.626389 4.789525 0.000000 0.999984 0.005609
3.669649 4.665123 0.000000 0.999744 -0.022629
7.240402 4.820061 0.000000 0.980771 0.195162
7.310920 4.701236 0.000000 0.948851 -0.315724
0.249859 4.039720 0.000000 0.983644 0.180126
0.393237 4.165128 0.000000 0.982602 0.185724
5.315202 0.288685 0.000000 0.986627 0.162993
4.972700 0.235628 0.000000 0.993660 0.112431
2.001763 0.665829 0.000000 0.999864 0.016515
2.241236 0.917882 0.000000 1.000000 0.000639
3.613196 0.136346 0.000000 0.999992 -0.004061
3.807672 0.073383 0.000000 0.999987 0.005105
3.674182 0.518799 0.000000 0.999876 0.015773
3.667567 0.754822 0.000000 0.999877 0.015705
1.340175 5.028233 0.000000 0.998914 -0.046600
1.452790 5.225192 0.000000 0.998726 -0.050468
5.080490 1.630083 0.000000 0.998693 -0.051114
5.080641 1.501178 0.000000 0.999844 -0.017665
5.077723 1.074189 0.000000 0.994136 0.108133
5.208479 0.998077 0.000000 0.994053 0.108898
6.502652 5.067491 0.000000 0.902937 -0.429772
6.642042 5.089136 0.000000 0.984822 -0.173569
6.735430 5.009486 0.000000 0.933348 -0.358974
6.597249 4.800152 0.000000 0.973377 -0.229209
6.022905 5.692977 0.000000 0.978242 -0.207466
6.075133 5.423328 0.000000 0.967346 -0.253461
2.372491 5.213242 0.000000 0.999697 -0.024623
2.300374 5.070263 0.000000 0.999771 0.021378
0.358728 1.732416 0.000000 0.984813 -0.173620
2.210154 4.785407 0.000000 0.999623 -0.027446
2.342384 4.844332 0.000000 0.999996 0.002768
2.347600 4.566841 0.000000 0.998877 0.047383
5.046227 4.860640 0.000000 0.997149 -0.075461
4.756872 5.044311 0.000000 0.996263 -0.086377
8.397649 2.322282 0.000000 0.841617 0.540074
8.302877 2.240139 0.000000 0.903499 0.428590
5.222572 1.431664 0.000000 0.999960 -0.008909
5.470461 1.545743 0.000000 0.998212 0.059771
0.737952 0.593850 0.000000 0.998986 0.045020
0.615651 0.695804 0.000000 0.998762 0.049744
1.590124 1.684727 0.000000 0.946425 -0.322924
1.430057 1.862249 0.000000 0.984076 -0.177749
1.279746 4.121987 0.000000 0.952799 0.303603
1.427255 4.128527 0.000000 0.991084 0.133239
3.980007 2.509682 0.000000 0.509096 0.860710
3.859731 2.245288 0.000000 0.545333 0.838219
2.810530 5.019248 0.000000 0.995106 0.098809
2.580765 5.058688 0.000000 0.999997 -0.002268
4.035737 5.449029 0.000000 0.999236 -0.039087
3.544130 5.635770 0.000000 0.999975 -0.007088
8.373021 3.592297 0.000000 0.894200 -0.447667
8.460483 3.480157 0.000000 0.654835 0.755772
8.322148 3.859272 0.000000 0.897142 -0.441742
8.357072 3.997132 0.000000 0.883306 -0.468796
4.202219 5.153334 0.000000 0.999700 -0.024505
4.279881 5.422568 0.000000 0.998189 -0.060154
3.898835 5.585877 0.000000 0.999165 -0.040857
3.940970 5.473288 0.000000 0.999723 -0.023519
8.320182 2.520164 0.000000 0.569609 -0.821916
8.439095 2.582588 0.000000 0.692012 -0.721886
7.048687 0.126375 0.000000 0.997838 -0.065714
7.004124 0.495903 0.000000 0.968119 0.250490
0.674331 1.454962 0.000000 0.995773 -0.091847
1.219911 1.447418 0.000000 0.991886 -0.127134
0.172427 3.690208 0.000000 0.931108 0.364743
0.295291 3.648601 0.000000 0.853620 0.520896
4.836189 4.914067 0.000000 0.998576 -0.053339
4.969599 4.939319 0.000000 0.996362 -0.085221
0.742379 2.065280 0.000000 0.958784 -0.284135
0.843583 2.187533 0.000000 0.916105 -0.400939
1.308808 1.079037 0.000000 0.999958 0.009152
1.219825 1.161694 0.000000 0.999790 0.020488
6.672205 4.563622 0.000000 0.993666 -0.112377
6.928157 4.639717 0.000000 0.993695 -0.112115
7.346599 0.524913 0.000000 0.995869 -0.090798
7.220280 0.573043 0.000000 0.999717 0.023787
6.530318 0.710603 0.000000 0.962560 0.271070
6.765605 0.381874 0.000000 0.994726 -0.102570
6.846927 0.207238 0.000000 0.998367 -0.057123
6.860903 0.311542 0.000000 0.999239 0.039003
0.269902 0.331555 0.000000 0.998627 0.052393
0.057687 0.317920 0.000000 0.998404 0.056479
0.218018 5.616410 0.000000 0.998754 -0.049912
0.325389 5.647435 0.000000 0.997907 -0.064670
8.708775 5.632823 0.000000 0.996926 0.078351
8.850316 5.642009 0.000000 0.999764 0.021712
5.252229 4.484326 0.000000 0.999603 0.028162
5.375957 4.300746 0.000000 0.996668 0.081561
7.973326 5.678896 0.000000 0.989969 0.141286
7.874146 5.424440 0.000000 0.989168 0.146790
3.672414 4.175009 0.000000 0.999233 -0.039170
3.989240 4.091577 0.000000 0.997988 0.063403
8.711466 1.734241 0.000000 0.980087 0.198568
8.944335 1.767244 0.000000 0.974682 0.223594
3.545861 4.183098 0.000000 0.990787 0.135433
3.613607 4.412304 0.000000 0.999892 -0.014692
4.635512 5.038807 0.000000 0.998446 -0.055722
4.531497 5.152432 0.000000 0.997316 -0.073215
3.129288 1.583523 0.000000 0.990403 0.138212
3.102929 1.407712 0.000000 0.999968 0.007946
3.801461 1.110294 0.000000 1.000000 0.000490
3.631297 1.254995 0.000000 0.999988 0.004883
6.998748 4.965993 0.000000 0.997670 -0.068218
6.973908 4.857238 0.000000 0.729911 -0.683542
8.935865 3.688220 0.000000 0.120510 -0.992712
8.935865 3.813220 0.000000 0.622972 -0.782244
5.232022 4.892786 0.000000 0.995846 -0.091049
5.454775 4.935526 0.000000 0.991207 -0.132320
5.930022 0.663146 0.000000 0.976171 0.217005
5.880621 0.531132 0.000000 0.982344 0.187081
7.444233 4.529874 0.000000 0.960902 -0.276890
7.694488 4.649126 0.000000 0.991911 -0.126936
7.956457 2.275438 0.000000 0.963211 0.268747
7.856951 2.224286 0.000000 0.928351 0.371704
0.492128 0.640026 0.000000 0.999130 0.041706
0.335774 0.857058 0.000000 0.999152 0.041180
0.247301 1.100115 0.000000 0.999862 -0.016634
0.424251 0.937814 0.000000 0.999972 0.007425
6.715963 4.865393 0.000000 0.982235 -0.187657
6.832648 4.794074 0.000000 0.998615 0.052604
3.504939 0.633665 0.000000 0.999995 0.003114
3.566877 0.759159 0.000000 0.999835 -0.018185
3.116158 0.673465 0.000000 0.999953 -0.009705
2.965581 0.681803 0.000000 0.999949 -0.010068
1.001283 4.139523 0.000000 0.987009 0.160663
1.206782 4.253951 0.000000 0.984790 0.173752
7.112445 1.586186 0.000000 0.946294 0.323309
7.013433 1.448702 0.000000 0.940687 0.339277
4.815712 0.902403 0.000000 0.996247 0.086561
4.657060 0.678046 0.000000 0.996175 0.087384
8.953125 0.062500 0.000000 0.999982 -0.006056
8.924491 3.299471 0.000000 0.017868 0.999840
0.327715 0.136672 0.000000 0.999480 0.032247
0.369740 0.262209 0.000000 0.999222 0.039442
7.562168 0.442955 0.000000 0.996790 -0.080061
7.530639 0.584762 0.000000 0.984443 -0.175705
0.957347 5.948621 0.000000 0.999917 -0.012900
3.954701 4.678181 0.000000 0.999931 -0.011779
4.268519 4.647580 0.000000 0.999823 -0.018797
3.607532 0.323093 0.000000 0.999997 -0.002518
3.449956 0.277394 0.000000 0.999962 -0.008743
7.364655 5.536435 0.000000 0.990869 0.134828
7.438069 5.429842 0.000000 0.996593 0.082475
1.740356 5.755021 0.000000 0.999954 -0.009622
1.867787 5.715914 0.000000 0.999961 -0.008833
1.975611 5.879244 0.000000 1.000000 -0.000772
1.975611 5.764072 0.000000 0.999986 -0.005282
8.734307 1.551049 0.000000 0.996991 0.077521
8.473474 1.565651 0.000000 0.954677 0.297645
4.568047 0.297732 0.000000 0.997222 0.074484
4.449988 0.251503 0.000000 0.997390 0.072202
8.274705 3.270952 0.000000 0.999924 0.012319
8.343285 2.922961 0.000000 0.985363 -0.170469
6.687315 1.405463 0.000000 0.992092 0.125516
6.580661 1.451847 0.000000 0.994159 0.107929
0.245347 1.666817 0.000000 0.994104 -0.108431
0.128628 1.694450 0.000000 0.984090 -0.177670
0.146776 1.883824 0.000000 0.963750 -0.266805
0.072380 1.970624 0.000000 0.984501 -0.175382
1.781533 5.416196 0.000000 0.999832 -0.018305
2.047248 5.215541 0.000000 0.999054 -0.043488
5.995352 5.543049 0.000000 0.985405 -0.170229
5.863782 5.517708 0.000000 0.972121 -0.234479
7.995383 3.578785 0.000000 0.995984 -0.089527
7.975275 3.462871 0.000000 0.997294 0.073519
1.425827 0.275523 0.000000 0.999800 0.019996
1.198731 0.285994 0.000000 0.999697 0.024596
4.362189 5.941363 0.000000 0.999673 -0.025566
4.078125 5.943706 0.000000 0.999922 -0.012504
4.221564 5.885068 0.000000 0.999895 -0.014504
4.221564 5.772479 0.000000 0.998892 -0.047054
5.006096 3.908750 0.000000 0.349281 0.937018
5.108557 3.819311 0.000000 0.343599 0.939117
3.058481 4.526260 0.000000 0.988038 -0.154210
2.960403 4.479822 0.000000 0.996906 -0.078597
6.301493 0.456308 0.000000 0.979226 0.202773
6.384521 0.401998 0.000000 0.974654 0.223716
5.994127 5.125784 0.000000 0.966903 -0.255146
5.899768 5.289472 0.000000 0.968680 -0.248312
2.152630 5.212392 0.000000 0.999990 0.004462
2.192242 5.074207 0.000000 0.999099 -0.042429
8.389234 0.075781 0.000000 0.998307 -0.058171
7.270801 5.278078 0.000000 0.996125 0.087949
7.163781 5.341000 0.000000 0.999479 0.032277
5.053414 5.716813 0.000000 0.992482 -0.122387
5.479920 5.522627 0.000000 0.981809 -0.189870
8.582875 1.441715 0.000000 0.983116 0.182983
8.736341 1.813074 0.000000 0.882543 0.470231
6.140562 1.135334 0.000000 0.993264 0.115876
6.010625 1.197990 0.000000 0.974023 0.226450
6.486664 1.363597 0.000000 0.999956 0.009419
6.386380 1.357152 0.000000 0.996030 0.089020
6.142939 0.908047 0.000000 0.976723 0.214505
6.182495 0.780090 0.000000 0.960556 0.278086
7.382485 1.451383 0.000000 0.942530 0.334122
7.372633 1.344894 0.000000 0.997138 0.075601
5.927149 0.440561 0.000000 0.964782 0.263050
5.899811 0.341165 0.000000 0.984522 0.175263
5.612635 5.498176 0.000000 0.983777 -0.179397
5.426100 5.409685 0.000000 0.983445 -0.181206
4.844478 3.582431 0.000000 0.146248 0.989248
4.714807 3.712048 0.000000 0.964686 0.263402
3.384509 0.628618 0.000000 0.999935 -0.011431
3.326319 0.418548 0.000000 0.999884 -0.015225
8.759788 2.191514 0.000000 0.773893 0.633316
8.917594 1.944022 0.000000 0.801550 0.597927
1.165614 1.348386 0.000000 0.999770 -0.021447
1.385395 1.147652 0.000000 0.999737 0.022922
6.324277 5.758640 0.000000 0.971194 -0.238290
6.460160 5.883048 0.000000 0.993646 -0.112553
6.214425 0.385156 0.000000 0.982563 0.185929
6.060878 0.051171 0.000000 0.980350 0.197264
0.195838 3.161846 0.000000 0.965319 -0.261074
0.368104 3.230455 0.000000 0.990141 -0.140071
3.267582 5.877962 0.000000 0.999942 0.010736
3.173832 5.772894 0.000000 0.999993 -0.003855
0.858931 2.861608 0.000000 0.534925 -0.844899
0.949789 3.000000 0.000000 -0.047906 0.998852
0.621881 3.155397 0.000000 0.944738 0.327827
0.581557 3.293610 0.000000 0.993777 -0.111389
0.581557 2.706390 0.000000 0.999534 -0.030525
0.621881 2.844603 0.000000 0.915416 -0.402508
6.038260 5.945436 0.000000 0.991008 -0.133804
5.926834 5.892345 0.000000 0.998628 -0.052364
2.709191 0.054649 0.000000 0.999999 -0.001241
1.068085 3.593465 0.000000 0.982522 -0.186149
1.032197 3.710287 0.000000 0.586500 0.809949
1.796749 4.619233 0.000000 0.999284 -0.037832
1.799367 4.482611 0.000000 0.974694 0.223545
4.835310 4.539340 0.000000 0.999902 0.014012
4.680884 4.735097 0.000000 0.999842 -0.017761
4.299026 4.761663 0.000000 0.999963 -0.008625
4.168055 4.634235 0.000000 1.000000 -0.000551
4.311303 4.273854 0.000000 0.999975 0.007099
4.379890 4.055896 0.000000 0.998663 0.051703
3.765328 4.634063 0.000000 0.999957 -0.009232
3.794871 4.513586 0.000000 0.999902 -0.013986
3.748156 3.949347 0.000000 0.547932 -0.836523
2.006241 1.434546 0.000000 0.998440 -0.055839
1.983880 1.541267 0.000000 0.975123 -0.221665
7.016060 0.763238 0.000000 0.999667 -0.025799
7.024513 1.075997 0.000000 0.892726 0.450599
8.446285 5.853082 0.000000 0.998370 0.057074
8.492245 5.718896 0.000000 0.995967 0.089716
0.643303 4.971891 0.000000 0.999992 0.003935
0.420794 5.070590 0.000000 0.999885 -0.015158
5.084064 2.202221 0.000000 0.484377 -0.874859
5.188528 2.177733 0.000000 0.430583 -0.902551
4.815618 1.883326 0.000000 0.993038 -0.117791
4.780812 1.753918 0.000000 0.997275 -0.073776
6.572366 5.311991 0.000000 0.956460 -0.291863
6.448725 5.202815 0.000000 0.990258 -0.139246
4.658783 0.837136 0.000000 0.997192 0.074891
4.964021 1.018450 0.000000 0.996043 0.088871
3.201689 5.947466 0.000000 1.000000 -0.000622
2.953125 5.947466 0.000000 0.999998 0.002134
0.328775 4.839104 0.000000 0.999789 0.020566
0.176320 4.882515 0.000000 0.999255 0.038604
5.289034 4.110427 0.000000 0.197209 0.980362
5.433863 4.117361 0.000000 0.780273 -0.625439
8.743787 0.925830 0.000000 0.997811 -0.066131
8.638968 0.728324 0.000000 0.993681 -0.112238
8.646742 0.838943 0.000000 0.999723 -0.023539
4.938297 2.979235 0.000000 0.036203 -0.999344
4.865789 3.073659 0.000000 0.268125 0.963384
4.599608 2.715319 0.000000 -0.854390 0.519632
4.633287 2.851316 0.000000 0.220703 -0.975341
4.717265 3.228362 0.000000 -0.106774 0.994283
4.625440 3.320519 0.000000 0.662913 0.748697
8.547845 4.355956 0.000000 0.964555 -0.263881
8.626682 4.632246 0.000000 0.986496 -0.163788
0.093421 4.976177 0.000000 0.999353 -0.035978
4.540704 3.706708 0.000000 0.223904 -0.974611
4.353737 3.826040 0.000000 0.530694 -0.847564
4.119348 3.720699 0.000000 0.448082 -0.893993
3.989597 3.669104 0.000000 0.649226 -0.760596
4.525581 3.823954 0.000000 0.284964 -0.958538
4.433144 3.889118 0.000000 0.946008 0.324143
0.526732 5.735906 0.000000 0.998595 -0.052987
0.561617 5.863298 0.000000 0.999877 -0.015702
4.063473 3.301898 0.000000 0.962359 0.271781
4.036962 3.156294 0.000000 0.662133 -0.749386
3.273154 4.648636 0.000000 0.999983 0.005750
3.490969 4.815473 0.000000 0.999770 0.021467
7.175331 5.945589 0.000000 0.999371 0.035449
7.034706 5.894774 0.000000 0.999839 0.017960
2.812500 5.892782 0.000000 0.999994 0.003528
2.671875 5.945316 0.000000 0.999998 0.001856
4.545973 5.260168 0.000000 0.996897 -0.078723
4.676292 5.342307 0.000000 0.995841 -0.091108
8.576894 3.954919 0.000000 0.839354 -0.543586
8.495158 4.048979 0.000000 0.917531 -0.397664
7.500267 5.019836 0.000000 0.992680 -0.120774
7.465284 4.918986 0.000000 0.987742 0.156093
4.103932 5.695485 0.000000 0.999186 -0.040331
3.996498 5.749016 0.000000 0.999627 -0.027316
7.015440 5.311828 0.000000 0.999329 -0.036630
6.975174 5.549336 0.000000 0.981965 -0.189062
6.834582 5.702624 0.000000 0.982683 -0.185294
6.932475 5.698464 0.000000 0.984798 0.173702
0.971551 0.942847 0.000000 0.998887 0.047175
0.778605 1.048132 0.000000 0.999541 0.030308
1.061288 0.096578 0.000000 0.999894 0.014526
3.355041 1.064488 0.000000 0.999312 -0.037088
3.392244 1.172201 0.000000 0.999920 -0.012629
5.970124 1.546784 0.000000 1.000000 0.000028
5.846161 1.486453 0.000000 0.999713 -0.023974
0.857779 0.632975 0.000000 0.998851 0.047933
1.124042 0.485896 0.000000 0.999309 0.037176
8.945849 2.150696 0.000000 0.386802 0.922163
8.873648 2.233547 0.000000 0.896296 0.443456
4.698163 2.311473 0.000000 0.829070 0.559144
4.617760 2.257619 0.000000 0.189557 0.981870
5.692638 0.645292 0.000000 0.983251 0.182257
5.736200 0.530955 0.000000 0.972803 0.231633
7.858238 1.674246 0.000000 0.961125 0.276112
7.967428 1.658831 0.000000 0.943191 0.332252
4.009346 1.495344 0.000000 0.999648 0.026513
3.828171 1.194205 0.000000 0.999999 0.001689
5.546833 4.892990 0.000000 0.987158 -0.159748
5.502110 4.796198 0.000000 0.993475 -0.114046
1.563113 4.676371 0.000000 0.998030 0.062745
1.699440 4.685704 0.000000 0.998794 0.049104
3.978777 0.246737 0.000000 0.999840 0.017880
3.948297 0.125850 0.000000 0.999894 0.014550
8.018585 2.012344 0.000000 0.940831 0.338876
8.093980 1.926532 0.000000 0.943031 0.332706
5.142123 0.255645 0.000000 0.988152 0.153480
5.072880 0.300703 0.000000 0.992028 0.126017
6.294942 5.382100 0.000000 0.987244 -0.159212
6.581219 5.443734 0.000000 0.997157 -0.075354
4.725442 4.368846 0.000000 0.997943 0.064112
4.850512 4.143336 0.000000 0.986144 0.165893
4.759532 4.067642 0.000000 0.996962 0.077887
4.628265 4.103231 0.000000 0.995170 0.098168
0.410623 3.099745 0.000000 0.983699 -0.179825
0.269524 2.901134 0.000000 0.996501 0.083580
7.873674 5.751393 0.000000 0.991488 0.130197
7.875000 5.884028 0.000000 0.998796 0.049047
7.315905 5.787545 0.000000 0.996420 0.084546
7.453074 5.743597 0.000000 0.993942 0.109904
7.561729 5.473638 0.000000 0.992740 0.120281
7.656849 5.401855 0.000000 0.994266 0.106938
5.213958 5.017281 0.000000 0.991180 -0.132522
5.315275 5.060455 0.000000 0.991157 -0.132698
0.565453 0.148066 0.000000 0.999797 0.020139
0.513728 0.273604 0.000000 0.998631 0.052299
2.965529 0.459432 0.000000 0.999915 -0.013016
2.895400 0.556778 0.000000 0.999842 -0.017795
0.656461 3.597522 0.000000 0.927811 0.373050
0.563357 3.512713 0.000000 0.908809 -0.417213
2.793089 5.578754 0.000000 0.999996 0.002778
2.601849 5.530117 0.000000 1.000000 0.000633
7.799669 4.890975 0.000000 0.998327 -0.057827
7.825421 4.651890 0.000000 0.977719 -0.209916
3.531200 1.483092 0.000000 0.999999 0.001328
3.468331 1.386139 0.000000 0.999395 0.034766
8.829859 3.213371 0.000000 0.868235 -0.496153
8.846826 3.093541 0.000000 0.320266 0.947328
8.776604 4.326969 0.000000 0.959281 -0.282453
3.939262 0.530094 0.000000 0.999295 0.037548
4.122208 0.411571 0.000000 0.998822 0.048530
7.824285 0.278988 0.000000 0.990226 -0.139473
7.878962 0.394849 0.000000 0.995105 -0.098826
7.650111 0.154609 0.000000 0.993743 -0.111695
7.743861 0.057652 0.000000 0.997414 -0.071868
7.288802 0.262684 0.000000 0.998311 -0.058105
7.160694 0.049194 0.000000 0.994283 -0.106780
0.977837 4.333928 0.000000 0.992113 0.125344
1.056143 4.251428 0.000000 0.960522 0.278203
8.866111 0.919385 0.000000 0.999942 -0.010787
8.926251 0.824641 0.000000 0.999997 0.002368
2.432385 5.879895 0.000000 0.999983 0.005900
2.356614 5.769519 0.000000 1.000000 -0.000860
8.924129 5.537213 0.000000 0.999154 0.041124
8.851673 1.125690 0.000000 0.999270 -0.038205
8.729349 1.069636 0.000000 0.999797 0.020156
2.705223 1.382494 0.000000 0.995287 0.096976
2.578204 1.457946 0.000000 0.999907 0.013621
8.222970 2.710270 0.000000 0.997505 0.070597
8.212012 2.596116 0.000000 0.775434 0.631429
5.461700 0.877156 0.000000 0.983108 0.183028
5.572424 0.825087 0.000000 0.986004 0.166720
5.018199 5.613222 0.000000 0.989894 -0.141807
4.891583 5.569293 0.000000 0.992380 -0.123217
5.120403 5.933669 0.000000 0.995626 -0.093429
5.314365 5.415542 0.000000 0.987554 -0.157279
5.243076 5.529030 0.000000 0.987109 -0.160047
7.913350 1.979532 0.000000 0.930320 0.366749
7.829138 2.063486 0.000000 0.817123 0.576464
2.136877 0.501098 0.000000 0.999994 0.003347
2.005920 0.463786 0.000000 0.999885 0.015161
1.814390 0.061198 0.000000 0.999994 0.003502
1.908140 0.156598 0.000000 0.999986 0.005296
2.025369 0.152676 0.000000 1.000000 0.000741
2.119119 0.057276 0.000000 1.000000 0.000425
7.072958 5.541940 0.000000 0.992297 0.123885
7.167149 5.440722 0.000000 0.995266 0.097193
2.452464 1.147134 0.000000 0.993834 -0.110874
2.321721 1.172587 0.000000 0.992210 0.124574
1.051097 5.948621 0.000000 0.999947 -0.010274
1.236544 5.692850 0.000000 0.999597 -0.028382
2.553566 0.725856 0.000000 0.999728 -0.023335
2.672115 0.664347 0.000000 0.999961 -0.008836
0.612730 1.819398 0.000000 0.974908 -0.222609
0.509505 1.903968 0.000000 0.949947 -0.312411
4.678526 5.883569 0.000000 0.998839 -0.048174
4.597079 5.777998 0.000000 0.997239 -0.074254
1.692118 1.679994 0.000000 0.970663 -0.240445
1.548838 1.591139 0.000000 0.988367 -0.152091
4.389511 2.311520 0.000000 0.412845 0.910801
4.495562 2.348669 0.000000 0.738595 0.674149
4.025006 2.364506 0.000000 0.622780 0.782397
4.151574 2.323947 0.000000 0.567108 0.823643
4.229479 2.085892 0.000000 0.411225 0.911534
4.245554 1.987008 0.000000 1.000000 -0.000808
0.068614 4.193687 0.000000 0.990862 0.134879
0.054359 4.406612 0.000000 0.996582 0.082611
0.139969 4.492375 0.000000 0.992357 0.123398
2.583340 4.849217 0.000000 0.998505 -0.054652
2.533215 4.971932 0.000000 0.998222 0.059601
6.675103 5.834224 0.000000 0.991373 -0.131072
6.632812 5.932098 0.000000 0.992744 0.120246
6.502683 5.668246 0.000000 0.981759 -0.190128
6.618981 5.689289 0.000000 0.993964 0.109709
5.723104 4.422202 0.000000 0.997503 0.070627
5.906161 4.437799 0.000000 0.997925 0.064381
2.966054 0.054369 0.000000 0.999992 -0.003877
3.234375 0.047060 0.000000 0.999996 -0.002843
0.376203 0.718013 0.000000 0.999628 0.027270
0.284894 0.646193 0.000000 0.998342 0.057564
3.920107 4.476751 0.000000 0.999393 -0.034825
3.991381 4.555881 0.000000 0.999921 -0.012600
7.849092 0.887479 0.000000 0.999885 0.015188
7.967015 0.943726 0.000000 0.992762 -0.120102
2.198161 5.338814 0.000000 0.999721 -0.023621
2.309890 5.343609 0.000000 0.999986 0.005380
4.579397 0.402733 0.000000 0.996821 0.079668
4.717442 0.419199 0.000000 0.993946 0.109872
4.403339 0.529572 0.000000 0.998357 0.057292
4.322749 0.633352 0.000000 0.998175 0.060394
4.220629 0.839359 0.000000 0.999455 0.032997
4.195570 0.968340 0.000000 0.998920 0.046457
4.260012 1.061835 0.000000 0.999754 0.022178
4.386096 1.098805 0.000000 0.999405 0.034493
3.937040 1.223628 0.000000 0.999988 0.004944
4.024192 1.160382 0.000000 0.999877 0.015688
4.638465 2.130919 0.000000 0.371692 0.928356
4.677553 2.432310 0.000000 0.143226 -0.989690
6.132098 4.587872 0.000000 0.998546 0.053903
6.259850 4.524350 0.000000 0.999886 0.015105
1.241157 2.101149 0.000000 0.472342 -0.881415
1.131590 2.138802 0.000000 0.957464 -0.288554
0.393001 3.678853 0.000000 0.871575 0.490263
0.420638 3.765407 0.000000 0.861218 0.508235
5.507276 1.436362 0.000000 0.999888 -0.014981
5.451661 1.164248 0.000000 0.994389 0.105790
7.550835 0.825559 0.000000 0.982320 -0.187211
7.414855 0.754394 0.000000 0.999506 -0.031421
4.769623 2.487389 0.000000 -0.544080 -0.839034
5.070832 2.409479 0.000000 0.289192 -0.957271
7.713380 1.062344 0.000000 0.995807 0.091474
7.598656 1.118563 0.000000 0.994574 -0.104035
2.841783 5.777371 0.000000 0.999969 0.007882
2.759724 5.704151 0.000000 0.999994 0.003569
1.029953 1.809372 0.000000 0.976326 -0.216304
1.082495 1.697258 0.000000 0.971409 -0.237412
7.567078 1.412647 0.000000 0.969195 0.246293
7.546435 1.299116 0.000000 0.996117 0.088039
1.295885 0.720469 0.000000 0.999052 0.043532
1.228168 0.639616 0.000000 0.998946 0.045907
2.680518 0.565525 0.000000 0.999882 -0.015347
2.351253 0.559840 0.000000 0.999821 0.018932
7.758482 5.147192 0.000000 0.999697 0.024596
7.893312 5.066097 0.000000 0.992520 0.122083
7.737126 0.553488 0.000000 0.995548 -0.094261
7.831644 0.535199 0.000000 0.989353 -0.145534
7.582116 5.590735 0.000000 0.992905 0.118910
7.458405 5.641327 0.000000 0.997473 0.071050
1.084607 3.812025 0.000000 0.928671 0.370904
1.189288 3.829689 0.000000 0.022759 0.999741
8.780063 1.651955 0.000000 0.983957 0.178403
8.888877 1.469298 0.000000 0.999849 -0.017374
3.797905 1.729674 0.000000 0.995619 0.093502
5.834538 4.975805 0.000000 0.974742 -0.223332
5.832399 4.853589 0.000000 0.990031 -0.140852
7.612443 1.788405 0.000000 0.860760 0.509011
7.502753 1.814576 0.000000 0.899582 0.436751
8.857682 1.230724 0.000000 0.999147 0.041299
8.945869 1.262277 0.000000 0.999231 -0.039222
8.755372 4.094073 0.000000 0.860658 -0.509183
8.695550 3.969302 0.000000 0.917976 -0.396636
1.313951 4.704280 0.000000 0.999777 0.021126
1.208761 4.704994 0.000000 0.998803 0.048911
8.152717 4.074071 0.000000 0.916006 -0.401164
8.275281 4.088379 0.000000 0.917887 -0.396842
1.425432 5.107299 0.000000 0.999504 -0.031487
1.520679 5.047394 0.000000 0.998308 -0.058154
0.635533 2.086558 0.000000 0.915116 -0.403190
0.507255 2.342264 0.000000 0.958252 -0.285925
0.780866 4.966792 0.000000 0.999339 -0.036356
0.809284 5.091861 0.000000 0.999717 -0.023807
1.937932 1.036002 0.000000 0.996618 0.082174
2.063930 1.012461 0.000000 1.000000 -0.000092
1.899012 0.853338 0.000000 0.998863 0.047666
1.862662 0.982097 0.000000 0.999796 0.020190
1.802951 1.383321 0.000000 0.996023 -0.089099
1.594603 1.251205 0.000000 0.999888 -0.014955
3.479970 4.586614 0.000000 0.999534 -0.030535
3.575478 4.550104 0.000000 0.999907 -0.013602
0.095287 3.178693 0.000000 0.438494 0.898734
0.241202 3.247808 0.000000 0.962952 -0.269674
3.062899 1.492204 0.000000 0.991582 0.129478
2.951013 1.511652 0.000000 0.991350 0.131244
0.762259 4.169303 0.000000 0.981026 0.193878
0.929926 3.921266 0.000000 0.945595 0.325346
5.494510 5.287238 0.000000 0.982427 -0.186648
5.433666 5.013234 0.000000 0.988301 -0.152514
0.163415 5.083213 0.000000 0.999990 0.004571
0.069994 5.169536 0.000000 0.998524 -0.054319
5.202183 1.785031 0.000000 0.995911 0.090340
8.313954 2.418844 0.000000 0.926576 0.376107
8.170844 2.274253 0.000000 0.882747 0.469848
4.720039 2.896405 0.000000 0.464571 0.885536
4.850694 2.845821 0.000000 -0.281103 0.959678
0.872591 3.273315 0.000000 -0.076037 0.997105
0.983815 3.335188 0.000000 0.227129 0.973865
4.558983 1.314550 0.000000 0.999493 0.031834
4.580181 1.438951 0.000000 0.999986 0.005336
0.983794 2.664775 0.000000 0.320452 -0.947265
0.872571 2.726649 0.000000 -0.033152 -0.999450
6.802895 0.524562 0.000000 0.951695 0.307046
6.711416 0.580043 0.000000 0.986375 0.164515
0.176824 0.910238 0.000000 0.999993 -0.003768
0.052907 1.183128 0.000000 0.999996 -0.002873
8.838858 2.426326 0.000000 0.893304 0.449452
8.927799 2.332851 0.000000 0.227296 0.973826
1.248362 5.053158 0.000000 0.999544 -0.030200
1.132934 5.309099 0.000000 0.998819 -0.048594
4.767022 0.217245 0.000000 0.994424 0.105453
4.662022 0.219322 0.000000 0.997320 0.073161
8.220698 0.724256 0.000000 0.992038 -0.125937
8.335497 1.026200 0.000000 0.992187 -0.124756
2.254251 1.475960 0.000000 0.995533 -0.094418
2.129174 1.402127 0.000000 0.996931 -0.078291
4.178052 1.776211 0.000000 0.999386 -0.035039
4.459085 1.511937 0.000000 0.999980 -0.006297
4.679520 1.516501 0.000000 0.999748 -0.022438
4.955865 1.484311 0.000000 0.999876 -0.015755
7.394167 1.177352 0.000000 0.996137 -0.087809
7.449196 1.269310 0.000000 0.983570 0.180527
0.861195 3.559077 0.000000 0.576904 0.816812
0.963577 3.485736 0.000000 -0.402602 0.915375
0.534397 3.783467 0.000000 0.889113 0.457688
0.637777 3.711542 0.000000 0.876773 -0.480904
5.819014 5.763729 0.000000 0.978808 -0.204782
5.926834 5.783216 0.000000 0.983172 -0.182680
7.690322 1.860096 0.000000 0.928712 0.370801
7.987818 1.775981 0.000000 0.943475 0.331445
8.045180 1.560467 0.000000 0.966626 0.256193
7.862421 1.356596 0.000000 0.986276 0.165103
3.737321 4.406847 0.000000 0.998252 -0.059096
3.823368 4.307131 0.000000 0.999302 -0.037359
8.202199 1.977806 0.000000 0.902667 0.430340
8.296186 1.927971 0.000000 0.910806 0.412834
8.168133 2.373123 0.000000 0.936610 0.350373
7.943988 2.419426 0.000000 -0.274070 0.961710
4.099244 1.696997 0.000000 0.999846 0.017532
3.906526 1.673552 0.000000 0.998833 0.048298
3.819925 1.861408 0.000000 0.999507 -0.031411
3.618068 1.905497 0.000000 0.218182 0.975908
4.183112 1.484903 0.000000 0.999910 0.013410
4.107022 1.569108 0.000000 0.999984 0.005574
1.119710 4.643367 0.000000 0.999486 0.032050
0.885071 4.676229 0.000000 0.998767 0.049634
8.833563 5.445927 0.000000 0.999059 0.043370
8.909434 5.346214 0.000000 0.999470 0.032549
4.085207 5.343201 0.000000 0.999663 -0.025959
3.910405 5.196831 0.000000 0.999994 -0.003434
0.168509 4.679601 0.000000 0.997161 0.075297
0.082899 4.781338 0.000000 0.999856 -0.016996
5.411473 5.645193 0.000000 0.987224 -0.159336
5.286365 5.645738 0.000000 0.986116 -0.166060
4.107609 3.052242 0.000000 0.133174 0.991093
4.055294 2.946273 0.000000 0.214761 0.976667
0.122973 4.287799 0.000000 0.982140 0.188149
0.231274 4.287799 0.000000 0.993434 0.114408
8.924996 4.812502 0.000000 0.999126 -0.041798
8.850986 4.937502 0.000000 0.998122 0.061256
0.063297 3.875000 0.000000 0.973767 0.227548
0.063297 4.000000 0.000000 0.973767 0.227548
0.117518 1.245628 0.000000 0.998108 -0.061485
0.064612 1.375000 0.000000 0.999868 -0.016274
0.261103 0.443457 0.000000 0.998241 0.059280
0.067641 0.625000 0.000000 0.998411 0.056352
8.887093 4.311961 0.000000 0.999662 -0.025991
8.939113 4.218211 0.000000 0.968516 -0.248950
8.849237 4.750002 0.000000 0.998596 0.052967
8.924240 4.625000 0.000000 0.996017 -0.089167
8.925989 5.125000 0.000000 0.998184 0.060237
8.925989 5.000000 0.000000 0.999945 -0.010485
8.922374 0.625000 0.000000 0.999747 -0.022475
8.922374 0.500000 0.000000 0.998904 -0.046800
0.082864 5.365643 0.000000 0.998405 -0.056451
0.128109 5.457226 0.000000 0.999467 -0.032650
0.075796 3.500000 0.000000 0.890799 0.454397
0.075796 3.625000 0.000000 0.890799 0.454397
8.729745 2.879543 0.000000 0.577660 0.816277
8.959512 2.718750 0.000000 0.117785 0.993039
0.146386 2.061184 0.000000 0.933302 -0.359093
0.074006 2.153060 0.000000 0.972664 -0.232219
0.274037 2.352882 0.000000 0.950277 -0.311405
0.137166 2.518315 0.000000 0.889043 -0.457825
0.349627 2.829369 0.000000 0.996268 0.086320
0.095572 3.008382 0.000000 0.057435 -0.998349
8.860911 3.625720 0.000000 0.862731 -0.505664
8.925046 3.500000 0.000000 0.029638 -0.999561
0.046875 5.937500 0.000000 0.996166 -0.087485
8.785562 5.917296 0.000000 0.999775 0.021234
8.926187 5.729796 0.000000 0.999435 0.033620
5.703906 0.283809 0.000000 0.982438 0.186590
5.645413 0.143244 0.000000 0.993610 0.112866
2.701232 5.066450 0.000000 0.999287 0.037751
2.721984 5.175814 0.000000 0.999451 0.033129
1.417126 5.459065 0.000000 0.999253 -0.038650
1.130067 5.526064 0.000000 0.999211 -0.039706
4.209721 0.466769 0.000000 0.998959 0.045618
4.195638 0.587283 0.000000 0.998532 0.054158
3.776897 0.341067 0.000000 0.999992 0.004080
3.901128 0.330601 0.000000 0.999683 0.025161
7.268768 4.926890 0.000000 0.973618 -0.228186
7.143996 5.003458 0.000000 0.994924 -0.100633
8.869015 3.884781 0.000000 0.977449 -0.211171
8.748306 3.853221 0.000000 0.651430 -0.758709
2.548071 5.300328 0.000000 0.999985 -0.005459
2.657006 5.277431 0.000000 0.999939 0.011018
1.200167 1.898888 0.000000 0.959440 -0.281914
1.270690 1.974068 0.000000 0.857344 -0.514743
4.880337 5.401567 0.000000 0.993087 -0.117378
4.779923 5.302128 0.000000 0.993908 -0.110217
4.808138 3.691012 0.000000 0.646569 0.762856
4.901965 3.872574 0.000000 0.423871 0.905722
1.996387 5.111528 0.000000 0.999426 -0.033882
2.099935 4.956727 0.000000 0.998916 -0.046547
3.970691 5.884648 0.000000 0.999943 -0.010701
3.830066 5.940942 0.000000 0.999998 -0.002127
6.456445 4.980885 0.000000 0.988282 -0.152638
6.340901 4.939608 0.000000 0.975544 -0.219804
0.770936 1.961341 0.000000 0.943342 -0.331823
0.892159 1.954215 0.000000 0.964231 -0.265065
0.817009 1.761564 0.000000 0.982624 -0.185606
0.917300 1.834172 0.000000 0.948158 -0.317799
3.461626 4.946502 0.000000 0.999007 0.044556
3.706407 5.140747 0.000000 0.999958 -0.009183
7.983803 3.923663 0.000000 0.911381 -0.411565
7.916262 3.995620 0.000000 0.916800 -0.399346
8.086002 4.273898 0.000000 0.954075 -0.299568
8.002691 4.356878 0.000000 0.952632 -0.304125
2.570988 0.221231 0.000000 0.999999 -0.001705
2.419516 0.059095 0.000000 0.999996 -0.002929
0.502736 5.494562 0.000000 0.998729 -0.050406
0.223930 5.504610 0.000000 0.999350 -0.036056
3.595727 5.118298 0.000000 0.999650 0.026471
3.569716 5.012351 0.000000 0.999955 -0.009526
0.975793 0.185340 0.000000 0.999874 0.015853
0.898881 0.088762 0.000000 0.999861 0.016689
6.984713 1.317321 0.000000 0.999425 -0.033907
7.250554 1.340873 0.000000 0.976522 0.215418
4.850259 2.138448 0.000000 0.537652 0.843167
4.826659 2.252379 0.000000 0.602464 -0.798146
1.017888 1.189415 0.000000 0.999978 -0.006593
1.026683 1.287302 0.000000 0.999458 -0.032913
1.046592 1.516920 0.000000 0.989621 -0.143705
0.946549 1.445271 0.000000 0.997664 -0.068309
1.008376 1.608829 0.000000 0.994556 -0.104204
0.798817 1.650216 0.000000 0.986716 -0.162454
4.733542 4.488367 0.000000 0.999066 0.043199
5.070815 4.584401 0.000000 0.999742 0.022692
3.294550 1.578660 0.000000 0.986553 0.163439
3.220118 1.628077 0.000000 0.994774 0.102099
1.542171 1.035367 0.000000 0.999654 0.026312
1.497400 1.123259 0.000000 0.999042 0.043759
5.560955 0.089598 0.000000 0.992632 0.121168
5.436305 0.308694 0.000000 0.987930 0.154903
5.999720 4.762894 0.000000 0.975529 -0.219870
6.122262 4.794784 0.000000 0.990112 -0.140282
8.174165 0.506328 0.000000 0.994040 -0.109018
8.056319 0.520804 0.000000 0.992636 -0.121139
8.309799 0.332523 0.000000 0.994219 -0.107375
8.406105 0.368397 0.000000 0.993992 -0.109454
5.673058 0.964084 0.000000 0.984992 0.172597
5.668192 0.870375 0.000000 0.979750 0.200223
5.340632 1.530196 0.000000 0.999310 -0.037152
5.303979 1.635012 0.000000 0.999978 -0.006675
3.106679 0.101429 0.000000 0.999999 -0.001663
3.083058 0.219057 0.000000 0.999999 -0.001397
6.440289 5.466014 0.000000 0.961434 -0.275034
6.423747 5.562644 0.000000 0.999311 -0.037116
1.659540 4.302867 0.000000 0.972003 0.234968
1.679057 4.423446 0.000000 0.985572 0.169256
5.496128 5.947549 0.000000 0.989426 -0.145041
5.404267 5.867435 0.000000 0.996130 -0.087888
0.985342 4.708027 0.000000 0.999797 0.020159
1.052884 4.989663 0.000000 0.999952 -0.009756
0.538316 4.641151 0.000000 0.999158 0.041034
0.628486 4.548941 0.000000 0.996536 0.083159
0.777114 4.389319 0.000000 0.995724 0.092378
0.812819 4.505833 0.000000 0.993845 0.110777
7.186681 0.658624 0.000000 0.906499 -0.422209
7.330521 0.821811 0.000000 0.978143 -0.207933
0.118844 1.468750 0.000000 0.993962 -0.109722
0.300606 1.307436 0.000000 0.997457 -0.071273
0.253865 1.445522 0.000000 0.999311 -0.037128
0.305972 1.542889 0.000000 0.987318 -0.158754
4.469609 4.643348 0.000000 0.999934 -0.011461
4.481849 4.754983 0.000000 0.999850 -0.017348
8.554807 0.171172 0.000000 0.997581 -0.069510
8.482984 0.075781 0.000000 0.999026 -0.044133
8.434404 2.064100 0.000000 0.893280 0.449501
8.423372 1.957696 0.000000 0.915765 0.401715
8.491574 2.306169 0.000000 0.913709 0.406369
8.555338 2.202898 0.000000 0.878802 0.477186
1.731700 1.275222 0.000000 0.999929 0.011955
1.773403 1.189298 0.000000 0.999999 -0.001630
4.319728 1.748176 0.000000 0.999991 0.004199
4.392827 1.840874 0.000000 0.995391 -0.095903
4.388609 4.988475 0.000000 0.998742 -0.050151
4.405530 5.108387 0.000000 0.999027 -0.044101
0.791092 5.439392 0.000000 0.999427 -0.033833
0.767215 5.343703 0.000000 0.998742 -0.050134
4.659737 4.592799 0.000000 0.999990 -0.004492
4.563095 4.570143 0.000000 0.999966 0.008235
8.289955 1.166425 0.000000 0.995948 0.089929
7.999081 1.077377 0.000000 0.995948 0.089927
7.839498 4.287767 0.000000 0.937424 -0.348189
7.893080 4.362200 0.000000 0.968547 -0.248831
7.953532 4.785215 0.000000 0.994630 -0.103495
7.982808 4.894440 0.000000 0.999450 -0.033158
8.057658 3.055072 0.000000 -0.029648 0.999560
8.150144 3.115322 0.000000 0.167484 -0.985875
8.066848 3.374235 0.000000 0.367326 0.930092
8.872221 4.531250 0.000000 0.999649 -0.026495
8.748335 4.546158 0.000000 0.996769 -0.080317
8.524252 4.551124 0.000000 0.993123 -0.117078
8.587435 4.448795 0.000000 0.989418 -0.145090
8.517187 4.163870 0.000000 0.925861 -0.377864
8.609143 4.241379 0.000000 0.910368 -0.413800
8.868745 0.406250 0.000000 0.999907 -0.013665
8.605140 0.377601 0.000000 0.995243 -0.097422
3.608652 5.525507 0.000000 0.999983 0.005814
3.718613 5.574090 0.000000 0.999914 -0.013128
3.751197 5.879639 0.000000 0.999939 -0.011038
3.802812 5.767050 0.000000 0.999893 -0.014600
7.210499 0.210842 0.000000 0.996070 -0.088565
7.374074 0.204457 0.000000 0.998470 -0.055294
3.164363 0.548453 0.000000 0.999675 -0.025503
3.083914 0.459445 0.000000 0.999997 -0.002475
4.116179 2.680132 0.000000 0.413440 0.910531
4.249916 2.678905 0.000000 0.708582 0.705628
4.026541 1.947478 0.000000 0.993367 -0.114985
3.947444 1.880800 0.000000 0.998869 -0.047551
4.036716 4.766762 0.000000 0.999935 -0.011410
3.984948 4.874610 0.000000 0.999761 -0.021855
6.452792 0.221801 0.000000 0.993241 0.116069
6.452792 0.112505 0.000000 0.999826 0.018637
8.943009 1.582021 0.000000 0.997616 0.069006
8.887343 1.661765 0.000000 0.999515 -0.031156
7.266624 4.387852 0.000000 0.934695 -0.355450
7.059361 4.504798 0.000000 0.934251 -0.356617
7.112828 4.427177 0.000000 0.960523 -0.278200
7.222250 4.475231 0.000000 0.904262 -0.426977
8.315290 0.173487 0.000000 0.996736 -0.080724
8.043613 0.054689 0.000000 0.998134 -0.061066
8.678232 0.544457 0.000000 0.997244 -0.074194
8.528282 0.659197 0.000000 0.997925 -0.064388
5.320393 1.754658 0.000000 0.999983 -0.005808
5.499089 1.802471 0.000000 0.136713 -0.990611
2.821592 5.227033 0.000000 0.999991 0.004336
2.813001 5.346523 0.000000 0.999722 0.023566
4.361874 3.699329 0.000000 0.438945 -0.898514
4.456403 3.645161 0.000000 0.830673 -0.556761
4.598246 3.516072 0.000000 0.956092 -0.293065
4.634936 3.629302 0.000000 0.541263 -0.840854
7.458326 5.232525 0.000000 0.999719 -0.023719
7.394958 5.318427 0.000000 0.993460 0.114183
6.678239 0.142100 0.000000 0.995159 0.098280
6.584489 0.251397 0.000000 0.997442 -0.071475
0.331746 3.953480 0.000000 0.928131 0.372255
0.435438 4.022575 0.000000 0.958607 0.284733
2.009463 4.990899 0.000000 0.999514 -0.031179
1.899746 4.937572 0.000000 0.998763 -0.049731
4.849530 1.088903 0.000000 0.996976 0.077708
4.765542 1.015084 0.000000 0.996630 0.082023
4.922091 3.435071 0.000000 0.473719 0.880676
4.957820 3.546642 0.000000 0.527652 0.849461
3.732864 1.936147 0.000000 0.943010 -0.332766
3.747094 2.058605 0.000000 0.569682 0.821865
1.780139 1.567158 0.000000 0.962491 -0.271314
1.732954 1.474846 0.000000 0.999478 -0.032319
8.035700 3.259516 0.000000 -0.133779 -0.991011
8.138421 3.219117 0.000000 0.999879 0.015537
3.185247 4.971874 0.000000 0.999999 -0.001573
3.138720 5.200899 0.000000 0.999958 0.009132
2.909450 4.586555 0.000000 0.999576 -0.029121
2.823097 4.551398 0.000000 0.998824 -0.048486
3.652951 4.071682 0.000000 0.386900 -0.922122
3.768809 4.048983 0.000000 0.955409 0.295287
4.476267 1.629180 0.000000 0.999691 -0.024857
4.361185 1.655489 0.000000 0.999367 -0.035572
6.589524 4.647819 0.000000 0.998007 -0.063096
6.492902 4.574585 0.000000 0.997122 -0.075820
8.106487 2.728662 0.000000 0.641181 0.767390
8.042735 2.444570 0.000000 0.876297 0.481771
2.726393 1.052972 0.000000 0.996493 -0.083678
2.859546 1.041326 0.000000 0.995692 -0.092719
8.423248 4.557334 0.000000 0.979182 -0.202986
8.218449 4.772058 0.000000 1.000000 0.000773
2.233162 4.635221 0.000000 0.997840 0.065695
2.159586 4.543475 0.000000 0.996548 0.083015
4.862804 0.676138 0.000000 0.992984 0.118246
4.907391 0.321980 0.000000 0.992562 0.121737
4.796443 1.270342 0.000000 0.998892 0.047066
4.865426 1.204098 0.000000 0.999221 0.039462
5.767804 5.048715 0.000000 0.984285 -0.176589
5.657157 5.019904 0.000000 0.979568 -0.201111
6.921026 5.418945 0.000000 0.971008 0.239048
6.823133 5.423104 0.000000 0.925904 -0.377760
0.526489 2.241056 0.000000 0.856828 -0.515603
0.625743 2.209697 0.000000 0.929229 -0.369503
1.401994 4.927555 0.000000 0.999681 -0.025272
1.516845 4.948001 0.000000 0.999793 -0.020350
1.324174 0.463684 0.000000 0.999403 0.034555
1.236309 0.522013 0.000000 0.999157 0.041050
6.201503 0.105819 0.000000 0.998739 0.050204
6.181048 0.216528 0.000000 0.995018 0.099700
1.073972 4.037463 0.000000 0.955318 0.295580
1.014577 3.915119 0.000000 0.546641 -0.837367
4.104852 2.864966 0.000000 0.011925 0.999929
4.212591 2.868536 0.000000 0.996418 0.084565
4.946948 0.524665 0.000000 0.991045 0.133525
4.850354 0.556094 0.000000 0.993527 0.113600
5.280030 0.668485 0.000000 0.985650 0.168804
4.968120 0.429197 0.000000 0.992571 0.121669
5.940878 4.661269 0.000000 0.999388 -0.034988
5.834188 4.642127 0.000000 0.993614 -0.112837
4.958839 2.506622 0.000000 0.443176 -0.896434
4.861285 2.443214 0.000000 0.466142 -0.884710
6.360135 0.822356 0.000000 0.952343 0.305030
6.265862 0.754330 0.000000 0.987237 0.159256
0.955155 4.900856 0.000000 0.999476 -0.032361
1.018169 4.816626 0.000000 0.999662 0.026001
0.922147 5.491577 0.000000 0.998909 -0.046698
1.021868 5.456320 0.000000 0.998925 -0.046362
1.972955 5.332446 0.000000 0.999928 -0.011976
1.864301 5.305975 0.000000 0.999115 -0.042056
8.749583 2.052685 0.000000 0.831489 0.555541
8.863444 2.032218 0.000000 0.931876 0.362777
3.559905 1.785646 0.000000 0.999478 0.032320
3.428235 1.769415 0.000000 0.993658 -0.112446
4.440798 4.181202 0.000000 0.998408 0.056397
4.406465 4.277632 0.000000 0.999780 0.020959
5.053277 4.758773 0.000000 0.999127 -0.041775
5.188448 4.572647 0.000000 0.999691 -0.024858
7.455956 1.699562 0.000000 0.864307 0.502964
7.366651 1.704909 0.000000 0.905607 0.424118
7.805433 1.589965 0.000000 0.954293 0.298871
7.690109 1.586016 0.000000 0.967444 0.253087
7.547569 4.354424 0.000000 0.947589 -0.319491
7.711579 4.451671 0.000000 0.987236 -0.159262
7.519391 4.171566 0.000000 0.911197 -0.411971
2.615441 0.054649 0.000000 0.999998 -0.002220
2.550582 0.113744 0.000000 0.999998 -0.001922
8.121965 4.796890 0.000000 0.994552 -0.104245
8.081155 4.895929 0.000000 0.999950 0.009960
5.160717 2.066108 0.000000 0.392871 -0.919594
5.247360 2.035869 0.000000 0.445439 -0.895312
0.276576 1.914802 0.000000 0.976251 -0.216645
0.274981 2.082282 0.000000 0.965447 -0.260600
3.231435 1.047223 0.000000 0.999503 -0.031522
3.127173 1.094995 0.000000 0.998180 -0.060310
4.823979 4.278521 0.000000 0.992712 0.120514
4.903820 4.329440 0.000000 0.996650 0.081785
3.208831 4.389242 0.000000 0.993757 -0.111569
3.359206 4.394635 0.000000 0.989803 -0.142444
8.412780 5.633491 0.000000 0.993609 0.112881
8.123741 5.611553 0.000000 0.994845 0.101410
0.573956 4.363505 0.000000 0.986116 0.166055
0.449232 4.372413 0.000000 0.984216 0.176973
5.185769 1.665384 0.000000 0.998531 0.054180
5.153635 1.861114 0.000000 0.081286 -0.996691
2.918114 1.254864 0.000000 0.999830 -0.018436
3.030102 1.276306 0.000000 0.997572 -0.069636
0.146530 2.757252 0.000000 0.532761 -0.846266
0.060461 2.694752 0.000000 0.879949 -0.475069
8.200649 2.085615 0.000000 0.836595 0.547823
8.084928 2.111028 0.000000 0.533035 -0.846093
6.250578 0.276197 0.000000 0.986288 0.165035
6.364783 0.274785 0.000000 0.997949 0.064017
6.137192 0.560475 0.000000 0.955755 0.294163
6.116737 0.449766 0.000000 0.987892 0.155144
3.324342 0.725316 0.000000 0.999592 -0.028570
3.389587 0.826471 0.000000 0.999951 -0.009948
1.713613 0.819029 0.000000 0.999262 0.038412
1.656250 0.893478 0.000000 0.998712 0.050737
3.525405 4.294971 0.000000 0.996700 -0.081177
3.392993 4.291950 0.000000 0.999968 0.007981
4.019130 1.383744 0.000000 0.999875 0.015821
4.126870 1.359180 0.000000 0.999413 0.034272
5.076955 0.409735 0.000000 0.988829 0.149054
5.135275 0.575051 0.000000 0.988833 0.149028
5.155903 0.479380 0.000000 0.988325 0.152358
5.252144 0.449942 0.000000 0.985232 0.171227
5.217103 0.876203 0.000000 0.988344 0.152238
5.141728 0.791375 0.000000 0.989039 0.147656
6.972788 0.370758 0.000000 0.995703 -0.092604
7.077553 0.327345 0.000000 0.996946 -0.078093
7.135736 0.503091 0.000000 0.984421 -0.175826
7.178011 0.407470 0.000000 0.998150 0.060802
5.098933 4.396105 0.000000 0.993659 0.112440
5.212135 4.397138 0.000000 0.999816 -0.019207
5.356504 4.512467 0.000000 0.999910 -0.013408
5.393087 4.619600 0.000000 0.997418 -0.071819
0.758790 1.236633 0.000000 0.999987 -0.005026
0.809804 1.307481 0.000000 0.997726 -0.067407
2.693909 5.496210 0.000000 0.999848 0.017422
2.707647 5.383931 0.000000 1.000000 0.000848
4.646606 2.627159 0.000000 -0.312404 -0.949949
4.590409 2.509403 0.000000 0.862703 0.505711
3.796925 5.537068 0.000000 0.999897 -0.014381
3.856546 5.375615 0.000000 0.999923 -0.012448
4.474815 2.696272 0.000000 -0.358093 -0.933686
4.405872 2.785514 0.000000 0.909058 0.416669
4.433327 2.870546 0.000000 -0.137234 0.990539
4.535949 2.917300 0.000000 0.416435 0.909166
7.510353 1.602233 0.000000 0.951746 0.306887
7.626839 1.660114 0.000000 0.962418 0.271571
4.992716 0.120981 0.000000 0.997624 0.068890
5.105162 0.129172 0.000000 0.997786 0.066511
8.882812 0.107930 0.000000 0.999949 -0.010103
8.789062 0.045430 0.000000 0.999789 -0.020549
0.123827 5.852442 0.000000 0.999806 -0.019683
0.217577 5.914942 0.000000 0.998410 -0.056363
8.879312 5.854796 0.000000 0.999993 0.003808
8.953125 5.937500 0.000000 0.999965 0.008322
5.745255 1.113345 0.000000 0.990588 0.136880
5.644324 1.134641 0.000000 0.987152 0.159784
6.342972 5.950949 0.000000 0.985704 -0.168484
6.257660 5.877558 0.000000 0.998841 0.048129
5.421584 0.983762 0.000000 0.991667 0.128824
5.491649 1.059468 0.000000 0.987869 0.155291
5.506436 5.101507 0.000000 0.984760 -0.173919
5.445098 5.188724 0.000000 0.986666 -0.162759
0.125328 0.505420 0.000000 0.999693 0.024794
0.057687 0.442920 0.000000 0.998404 0.056479
2.445213 0.572099 0.000000 0.999909 -0.013511
2.453618 0.704221 0.000000 0.999891 0.014766
2.517999 1.053081 0.000000 0.999590 0.028617
2.473027 0.950326 0.000000 0.999609 -0.027974
8.116497 1.360918 0.000000 0.978364 0.206891
8.264671 1.508111 0.000000 0.948185 0.317719
0.322833 5.474387 0.000000 0.998503 -0.054706
0.392584 5.543853 0.000000 0.999330 -0.036596
6.101450 5.149446 0.000000 0.973946 -0.226779
6.027514 5.308954 0.000000 0.984221 -0.176943
4.629927 5.451682 0.000000 0.994564 -0.104126
4.677746 5.543660 0.000000 0.995368 -0.096135
2.190859 5.695496 0.000000 0.999998 -0.002023
2.079130 5.690701 0.000000 0.999997 -0.002340
0.721742 5.629427 0.000000 0.999344 -0.036203
0.593107 5.659403 0.000000 0.999427 -0.033854
2.226743 5.882906 0.000000 0.999999 0.001147
2.244722 5.772529 0.000000 1.000000 0.000996
4.789872 0.720007 0.000000 0.994841 0.101451
4.765919 0.829229 0.000000 0.995183 0.098035
4.670895 1.040154 0.000000 0.998472 0.055262
4.604449 1.130088 0.000000 0.998395 0.056634
8.388281 3.205379 0.000000 0.518583 0.855027
8.499452 3.222325 0.000000 0.848490 -0.529212
3.997741 0.856300 0.000000 0.999821 0.018941
3.864298 0.722605 0.000000 0.999986 0.005219
6.862317 4.500797 0.000000 0.985996 -0.166767
6.952204 4.530783 0.000000 0.921732 -0.387828
5.483180 0.169517 0.000000 0.990664 0.136324
5.406600 0.079919 0.000000 0.993825 0.110957
3.224348 5.597486 0.000000 0.999996 0.002950
3.353503 5.541383 0.000000 0.999908 0.013577
2.888186 5.131283 0.000000 0.999024 0.044172
2.981410 5.174223 0.000000 0.999859 0.016820
8.126335 1.106319 0.000000 0.999279 -0.037961
8.169125 1.194690 0.000000 0.997027 0.077057
5.394114 1.824481 0.000000 0.958349 0.285598
5.366877 1.940399 0.000000 0.419183 -0.907902
1.172448 5.785562 0.000000 0.999695 -0.024679
1.167540 5.881815 0.000000 0.999963 -0.008579
7.989619 5.116428 0.000000 0.999795 0.020225
8.242801 5.132649 0.000000 0.993830 0.110915
0.904931 4.059692 0.000000 0.942005 0.335597
0.812653 4.049728 0.000000 0.945939 0.324345
3.097064 4.661506 0.000000 0.997253 0.074064
2.997002 4.709122 0.000000 0.998477 -0.055177
2.756811 0.133924 0.000000 0.999979 -0.006456
2.683468 0.241411 0.000000 1.000000 -0.000435
0.284006 3.009288 0.000000 0.991450 -0.130488
0.196123 3.054036 0.000000 0.970509 -0.241065
8.438730 3.023810 0.000000 0.928732 -0.370752
8.376053 3.114668 0.000000 0.939705 -0.341986
7.896121 1.852949 0.000000 0.935840 0.352425
7.815700 1.803008 0.000000 0.911162 0.412047
3.535016 0.412706 0.000000 0.999945 0.010497
3.428137 0.385624 0.000000 0.999977 0.006730
8.284231 5.030929 0.000000 0.999785 0.020719
8.393626 5.063426 0.000000 0.999826 0.018627
4.613928 0.935379 0.000000 0.996784 0.080141
4.504736 0.937610 0.000000 0.998833 0.048300
8.248975 1.411189 0.000000 0.991248 0.132010
8.364622 1.380031 0.000000 0.971812 0.235759
8.334218 1.659452 0.000000 0.944183 0.329421
8.381885 1.758335 0.000000 0.934477 0.356024
5.865180 1.360876 0.000000 0.989861 0.142038
5.815946 1.190255 0.000000 0.984198 0.177074
8.645667 1.543412 0.000000 0.981754 0.190155
8.565691 1.618497 0.000000 0.985673 0.168665
8.691459 5.442017 0.000000 0.996966 0.077837
8.640485 5.524117 0.000000 0.997843 0.065641
5.794823 5.946909 0.000000 0.981807 -0.189879
5.725264 5.872857 0.000000 0.998114 -0.061384
8.787456 1.448137 0.000000 0.996429 0.084438
8.756261 1.334562 0.000000 0.999777 -0.021138
8.665939 1.285399 0.000000 0.994325 0.106388
8.584052 1.330445 0.000000 0.999981 0.006180
0.875106 1.589512 0.000000 0.988965 -0.148150
0.847713 1.483543 0.000000 0.996178 -0.087341
1.826621 0.800353 0.000000 0.999450 0.033165
1.906447 0.626986 0.000000 0.999681 0.025264
5.668971 1.307997 0.000000 0.991339 0.131329
5.600866 1.235044 0.000000 0.993705 0.112032
2.290493 0.801584 0.000000 0.999523 0.030871
2.373863 0.814261 0.000000 0.999819 -0.019030
0.935020 5.861816 0.000000 0.999829 -0.018466
1.033678 5.765563 0.000000 0.999787 -0.020659
4.439961 5.548218 0.000000 0.997155 -0.075383
4.499675 5.452673 0.000000 0.997038 -0.076916
3.475517 5.391960 0.000000 0.999985 0.005533
3.523881 5.294173 0.000000 0.999916 0.012988
5.114870 5.079544 0.000000 0.993433 -0.114420
5.096811 5.187096 0.000000 0.989693 -0.143207
3.668535 1.094309 0.000000 0.999967 -0.008080
3.641506 0.992134 0.000000 0.999828 -0.018557
3.876441 0.812238 0.000000 0.999726 0.023414
3.760586 0.848585 0.000000 0.999897 -0.014380
8.184238 0.054689 0.000000 0.998056 -0.062328
8.204044 0.152394 0.000000 0.996122 -0.087983
7.658786 4.351909 0.000000 0.936292 -0.351223
7.720150 4.283749 0.000000 0.971866 -0.235533
1.673269 4.888321 0.000000 0.999810 -0.019501
1.746907 4.813022 0.000000 0.998406 -0.056442
1.673543 5.170733 0.000000 0.999076 -0.042986
1.623687 5.077959 0.000000 0.999356 -0.035878
8.519269 3.013449 0.000000 0.210813 0.977526
8.632093 2.777792 0.000000 0.931641 0.363380
4.574953 4.930157 0.000000 0.998320 -0.057939
4.454016 4.923871 0.000000 0.999505 -0.031450
8.146760 5.159147 0.000000 0.999477 0.032351
8.088111 5.077809 0.000000 0.994533 0.104419
0.851418 0.935720 0.000000 0.999920 0.012644
0.802804 0.849911 0.000000 0.998763 0.049716
3.870107 4.135945 0.000000 0.997186 0.074970
3.806661 4.223590 0.000000 0.999392 -0.034853
5.478302 0.656285 0.000000 0.984446 0.175686
5.580134 0.688017 0.000000 0.980638 0.195828
8.319388 5.856411 0.000000 0.997459 0.071243
8.259994 5.943142 0.000000 0.997996 0.063284
4.878543 2.671529 0.000000 0.175912 -0.984406
4.986512 2.604678 0.000000 0.215693 -0.976461
0.131069 2.406150 0.000000 0.806895 -0.590695
0.054364 2.332586 0.000000 0.959291 -0.282420
4.909853 3.768675 0.000000 0.303302 0.952895
5.042382 3.733975 0.000000 0.441703 0.897161
6.874113 0.045813 0.000000 0.985579 -0.169216
6.949605 0.122994 0.000000 0.999799 0.020049
8.229382 4.961759 0.000000 0.995328 0.096552
8.129304 4.982140 0.000000 0.999886 0.015098
8.861929 1.836266 0.000000 0.997827 0.065891
8.648344 1.884341 0.000000 0.955844 0.293875
6.424415 1.152079 0.000000 0.986759 0.162193
6.525928 1.234655 0.000000 0.943064 0.332610
0.123315 0.138097 0.000000 0.999735 0.023040
0.046875 0.062500 0.000000 0.996566 0.082802
7.344499 5.081330 0.000000 0.983409 0.181403
7.363789 4.954193 0.000000 0.969408 -0.245455
4.840238 1.568019 0.000000 0.998920 -0.046469
4.774753 1.483008 0.000000 0.999892 -0.014688
4.970214 2.117851 0.000000 0.401594 -0.915818
5.017969 2.023256 0.000000 0.999995 0.003203
5.739658 4.826474 0.000000 0.983002 -0.183597
5.738959 4.722225 0.000000 0.996353 -0.085330
7.184741 1.259895 0.000000 0.994881 -0.101050
7.251791 1.171957 0.000000 0.949915 0.312508
8.268873 4.661658 0.000000 0.983798 -0.179281
8.375722 4.654084 0.000000 0.991544 -0.129768
8.059192 4.631453 0.000000 0.975355 -0.220641
7.989107 4.550445 0.000000 0.971684 -0.236286
5.533166 4.313175 0.000000 0.960437 -0.278497
5.409113 4.424183 0.000000 0.999939 0.011038
6.689309 0.695593 0.000000 0.999958 -0.009184
6.738229 0.790743 0.000000 0.849216 0.528045
6.564209 0.415124 0.000000 0.999999 -0.001377
6.610818 0.511426 0.000000 0.979119 0.203286
7.722641 1.242793 0.000000 0.994717 0.102659
7.616872 1.227786 0.000000 0.985161 0.171633
8.520328 0.534920 0.000000 0.992454 -0.122617
8.590719 0.490536 0.000000 0.997260 -0.073975
3.255458 1.373162 0.000000 0.999606 0.028076
3.335274 1.430516 0.000000 0.999103 -0.042347
0.122197 5.631526 0.000000 0.999532 -0.030591
0.045245 5.529083 0.000000 0.998574 -0.053392
0.140651 3.327155 0.000000 0.613332 0.789825
0.048836 3.272443 0.000000 0.577918 -0.816095
6.964034 0.962767 0.000000 0.997836 -0.065752
6.858686 0.926308 0.000000 0.957748 0.287608
7.207275 1.008858 0.000000 0.985138 0.171764
7.154416 1.093064 0.000000 0.988151 -0.153485
7.245239 0.762478 0.000000 0.947232 0.320548
7.164924 0.832822 0.000000 0.991462 0.130399
7.639527 5.303857 0.000000 0.996490 0.083712
7.555569 5.237936 0.000000 0.994162 0.107900
5.668618 5.187550 0.000000 0.980728 -0.195380
5.600826 5.105250 0.000000 0.984409 -0.175893
7.236479 1.577652 0.000000 0.903432 0.428730
7.281236 1.651669 0.000000 0.919118 0.393982
8.117936 3.724216 0.000000 0.933921 -0.357481
7.833240 3.775270 0.000000 0.950727 -0.310030
0.049121 2.914632 0.000000 0.693831 0.720138
0.135190 2.852132 0.000000 0.572602 -0.819833
0.266390 2.611182 0.000000 0.591806 -0.806081
0.366708 2.590717 0.000000 0.780082 -0.625677
4.472099 5.889744 0.000000 0.999547 -0.030082
4.484402 5.784173 0.000000 0.998201 -0.059965
4.428170 5.716860 0.000000 0.997826 -0.065901
4.322117 5.709842 0.000000 0.999202 -0.039944
7.484272 4.272652 0.000000 0.861919 -0.507045
7.378330 4.281163 0.000000 0.924546 -0.381071
4.035836 3.491467 0.000000 0.551748 -0.834011
3.968805 3.543041 0.000000 0.487389 -0.873185
3.842083 1.385574 0.000000 0.999930 0.011791
3.939128 1.325810 0.000000 0.999583 0.028881
0.663939 0.134104 0.000000 0.999697 0.024607
0.724761 0.047112 0.000000 0.999821 0.018899
3.536756 0.958359 0.000000 0.999972 -0.007548
3.426100 0.985590 0.000000 0.999613 -0.027835
5.216042 5.853555 0.000000 0.995912 -0.090324
5.298764 5.919886 0.000000 0.994270 -0.106894
6.833853 4.688089 0.000000 0.923657 -0.383219
6.759962 4.604513 0.000000 0.986826 -0.161788
1.085199 0.738266 0.000000 0.999004 0.044622
1.102840 0.654708 0.000000 0.999025 0.044150
4.129875 4.332208 0.000000 0.998901 -0.046869
4.027043 4.307266 0.000000 0.999483 -0.032138
4.367536 4.484474 0.000000 0.999998 0.002116
4.292331 4.410039 0.000000 0.999992 -0.003952
1.237545 5.470944 0.000000 0.999124 -0.041849
1.325323 5.529955 0.000000 0.999353 -0.035956
1.136663 5.193775 0.000000 0.999410 -0.034345
1.239260 5.177971 0.000000 0.998649 -0.051971
7.366847 0.412538 0.000000 0.993968 -0.109672
7.282802 0.365047 0.000000 0.997492 -0.070775
3.738585 1.364049 0.000000 0.999875 0.015829
3.726761 1.274862 0.000000 0.999966 0.008256
2.553564 0.494911 0.000000 1.000000 0.000274
2.565964 0.407684 0.000000 0.999959 -0.009040
3.717743 0.150864 0.000000 0.999986 0.005256
3.717743 0.282217 0.000000 0.999885 0.015138
1.032257 0.585839 0.000000 0.998548 0.053871
0.932622 0.551263 0.000000 0.998972 0.045329
0.631762 1.554349 0.000000 0.996898 -0.078704
0.671536 1.631116 0.000000 0.984166 -0.177249
8.440349 3.701159 0.000000 0.723620 0.690198
8.557009 3.744959 0.000000 0.647364 -0.762181
1.519768 4.780454 0.000000 0.998951 -0.045786
1.582457 4.865087 0.000000 0.999821 -0.018943
0.366275 1.071657 0.000000 0.999792 0.020412
0.425309 1.153745 0.000000 0.999505 -0.031451
3.061064 5.894932 0.000000 0.999978 0.006585
3.061064 5.789863 0.000000 0.999982 0.006010
3.783373 0.642127 0.000000 0.999762 0.021823
3.702498 0.637996 0.000000 0.999975 -0.007095
4.665306 0.051060 0.000000 0.999168 0.040786
4.789587 0.112458 0.000000 0.998816 0.048651
4.551591 4.001592 0.000000 0.990765 0.135588
4.446886 3.993922 0.000000 0.992676 0.120807
1.351072 1.277389 0.000000 0.999677 -0.025433
1.246236 1.282142 0.000000 0.998957 -0.045670
1.108593 1.043544 0.000000 0.999472 0.032506
1.130407 1.130051 0.000000 0.999999 -0.001481
7.248896 0.104136 0.000000 0.999946 0.010405
7.353826 0.103422 0.000000 0.998227 -0.059521
8.490569 1.780730 0.000000 0.941867 0.335986
8.585734 1.708420 0.000000 0.894618 0.446831
3.994843 4.981841 0.000000 0.999997 -0.002413
4.071770 5.034252 0.000000 0.999698 -0.024579
5.596576 4.665987 0.000000 0.993440 -0.114351
5.497945 4.694824 0.000000 0.997542 -0.070073
2.087263 1.195253 0.000000 0.999665 0.025900
2.137983 1.117765 0.000000 0.998619 0.052541
0.399468 2.494103 0.000000 0.868899 -0.494990
0.381657 2.391548 0.000000 0.730369 -0.683052
0.439613 2.072121 0.000000 0.931559 -0.363591
0.452781 2.175375 0.000000 0.959192 -0.282757
8.137201 4.437627 0.000000 0.964479 -0.264159
8.036574 4.453865 0.000000 0.972590 -0.232528
0.510213 5.311093 0.000000 0.998519 -0.054400
0.527067 5.114952 0.000000 0.999434 -0.033639
3.677703 5.373592 0.000000 0.999999 0.001349
3.650074 5.299074 0.000000 0.999946 -0.010349
1.257947 1.812724 0.000000 0.961655 -0.274262
1.328470 1.887904 0.000000 0.943024 -0.332725
4.151125 3.336276 0.000000 0.443325 -0.896361
4.138632 3.477581 0.000000 0.847799 0.530317
1.791555 0.353112 0.000000 0.999903 0.013910
1.878730 0.301742 0.000000 0.999970 0.007727
1.695949 0.647833 0.000000 0.999460 0.032848
1.678289 0.548202 0.000000 0.999572 0.029248
3.212799 5.140387 0.000000 0.998210 0.059806
3.300694 5.217286 0.000000 0.999994 -0.003593
3.984113 2.285096 0.000000 0.637534 0.770423
4.100968 2.109908 0.000000 0.620079 0.784539
6.790595 1.003195 0.000000 0.999888 -0.014981
6.798797 1.106295 0.000000 0.777889 0.628402
6.876440 1.151994 0.000000 0.999880 0.015473
6.978986 1.138532 0.000000 0.968206 -0.250154
6.813380 1.322278 0.000000 0.981789 0.189975
6.795779 1.424195 0.000000 0.992448 0.122663
2.115555 0.604183 0.000000 0.999841 0.017827
2.187969 0.677903 0.000000 0.999768 0.021557
1.796959 5.551269 0.000000 0.999729 -0.023272
1.888100 5.587017 0.000000 0.999899 -0.014228
4.216006 4.823040 0.000000 0.999558 -0.029741
4.121845 4.746889 0.000000 0.999861 -0.016673
8.507010 4.791806 0.000000 0.997920 -0.064458
8.459430 4.878037 0.000000 0.996512 -0.083447
5.509963 1.248815 0.000000 0.995387 0.095945
5.447573 1.330962 0.000000 0.995159 0.098274
7.967096 5.525995 0.000000 0.994310 0.106524
8.062172 5.499963 0.000000 0.991829 0.127571
5.227352 4.224853 0.000000 0.047455 0.998873
5.283254 4.301843 0.000000 0.994288 -0.106735
6.008363 0.311309 0.000000 0.993500 0.113834
6.035700 0.410705 0.000000 0.977390 0.211447
6.334663 5.201334 0.000000 0.946922 -0.321462
6.265153 5.277444 0.000000 0.971875 -0.235496
1.028808 0.879484 0.000000 0.999620 0.027563
1.129209 0.942619 0.000000 0.999130 0.041700
7.932732 3.706199 0.000000 0.958002 -0.286761
7.985352 3.779534 0.000000 0.950820 -0.309743
8.716649 0.337772 0.000000 0.998688 -0.051213
8.754701 0.429881 0.000000 0.997561 -0.069801
5.834646 4.465857 0.000000 0.998990 0.044931
5.795077 4.560693 0.000000 0.999543 -0.030231
6.020367 0.715731 0.000000 0.971262 0.238012
6.099973 0.664570 0.000000 0.979073 0.203511
0.664184 5.214037 0.000000 0.998969 -0.045405
0.670463 5.316591 0.000000 0.998803 -0.048918
8.424504 5.274134 0.000000 0.992960 0.118446
8.326475 5.295254 0.000000 0.991543 0.129782
3.142321 5.527803 0.000000 0.999953 0.009670
3.045873 5.520639 0.000000 0.999803 0.019850
0.052907 1.058128 0.000000 0.999996 -0.002873
0.146328 1.019451 0.000000 0.999881 0.015438
4.288142 5.189139 0.000000 0.998341 -0.057582
4.358383 5.356734 0.000000 0.998607 -0.052773
8.435879 0.684338 0.000000 0.991480 -0.130258
8.400048 0.780293 0.000000 0.995426 -0.095531
8.450348 0.853743 0.000000 0.998261 -0.058943
8.548290 0.883719 0.000000 0.996677 -0.081455
8.860481 2.867141 0.000000 0.521357 -0.853339
8.941458 2.929641 0.000000 0.124281 0.992247
8.700182 3.228066 0.000000 -0.125320 -0.992116
8.644907 3.314166 0.000000 0.999810 -0.019509
8.222140 5.587637 0.000000 0.990090 0.140434
8.281534 5.659574 0.000000 0.994427 0.105425
8.676865 2.943132 0.000000 0.939575 0.342344
8.557238 2.920383 0.000000 0.697845 0.716249
8.789595 2.687225 0.000000 0.934077 0.357073
8.870571 2.624725 0.000000 0.333523 -0.942742
1.405986 1.431480 0.000000 0.994211 -0.107448
1.404594 1.329199 0.000000 0.999714 -0.023911
1.487246 1.743765 0.000000 0.907420 -0.420225
1.445960 1.650177 0.000000 0.986781 -0.162057
1.368879 1.606875 0.000000 0.989048 -0.147595
1.268742 1.627753 0.000000 0.979554 -0.201181
0.375459 3.463819 0.000000 0.919239 -0.393699
0.457148 3.564359 0.000000 0.778044 0.628209
3.333171 4.735879 0.000000 0.999972 0.007538
3.248230 4.792799 0.000000 0.999967 -0.008154
5.163726 4.750471 0.000000 0.998148 -0.060827
5.156677 4.852339 0.000000 0.996109 -0.088125
4.092141 2.196158 0.000000 0.550528 0.834817
4.188317 2.230322 0.000000 0.605328 0.795976
7.751134 4.073455 0.000000 0.913854 -0.406044
7.651059 4.093383 0.000000 0.893380 -0.449302
8.673385 0.140821 0.000000 0.999555 -0.029843
8.695312 0.045430 0.000000 0.999324 -0.036767
8.267034 4.289222 0.000000 0.941045 -0.338280
8.314569 4.199055 0.000000 0.934325 -0.356423
4.024747 5.236751 0.000000 0.999186 -0.040337
4.089755 5.170129 0.000000 0.999796 -0.020187
8.080386 2.566243 0.000000 -0.217115 -0.976146
8.011925 2.637628 0.000000 -0.062380 0.998052
4.973673 5.846740 0.000000 0.996736 -0.080729
5.026653 5.933669 0.000000 0.996848 -0.079330
1.202649 4.866357 0.000000 0.999974 0.007238
1.149620 4.802884 0.000000 0.999837 -0.018076
3.499298 1.191122 0.000000 0.999709 -0.024143
3.599780 1.158353 0.000000 0.999946 -0.010360
7.094423 1.486192 0.000000 0.954321 0.298782
7.182444 1.426434 0.000000 0.923963 0.382482
5.354449 4.858251 0.000000 0.992622 -0.121250
5.384219 4.785767 0.000000 0.996811 -0.079800
