x y z u v
6.041842 0.889656 0.000000 0.974868 0.222782
2.041012 4.569519 0.000000 0.999960 0.008896
5.544191 1.685530 0.000000 0.999880 -0.015493
5.773925 1.013124 0.000000 0.974814 0.223022
4.534096 1.830131 0.000000 0.999940 0.010958
1.747587 1.066387 0.000000 0.995556 0.094167
5.676136 1.678233 0.000000 0.998156 -0.060700
4.658237 1.671431 0.000000 0.999934 0.011459
3.655213 1.463058 0.000000 0.998872 0.047481
5.081791 1.225844 0.000000 0.997547 0.070005
2.660098 1.255966 0.000000 0.999878 -0.015593
2.246245 0.401444 0.000000 0.999316 0.036984
0.074396 1.788200 0.000000 0.999973 -0.007353
1.354482 1.484128 0.000000 0.999895 -0.014485
0.902973 0.417472 0.000000 0.998276 0.058698
1.065720 2.381061 0.000000 0.999997 -0.002407
0.465741 2.699564 0.000000 1.000000 -0.000064
0.724134 3.087808 0.000000 1.000000 0.000016
0.650797 4.413796 0.000000 0.999389 0.034952
0.702991 5.138765 0.000000 0.998787 -0.049246
1.696090 5.661687 0.000000 0.999236 -0.039082
5.580263 4.542234 0.000000 0.999299 0.037446
4.119605 4.531809 0.000000 0.999219 -0.039512
4.236075 3.519656 0.000000 0.999946 -0.010372
4.420225 2.578327 0.000000 0.999987 0.005083
8.280306 3.359322 0.000000 0.959224 0.282645
4.182151 4.419786 0.000000 0.999915 -0.013002
7.090789 4.787874 0.000000 0.996501 -0.083585
5.244608 1.946660 0.000000 0.999442 0.033400
8.699471 2.377352 0.000000 0.622629 0.782518
8.551065 2.090382 0.000000 0.910179 0.414214
7.516064 1.034685 0.000000 0.992934 -0.118664
5.732900 1.529251 0.000000 0.999839 -0.017970
3.511691 0.855268 0.000000 0.999383 0.035130
5.339262 1.164467 0.000000 0.993453 0.114240
5.035162 2.299480 0.000000 0.995755 -0.092039
4.458992 3.102120 0.000000 1.000000 0.000115
4.331386 3.030815 0.000000 0.999999 0.001021
1.818313 5.017033 0.000000 0.996733 -0.080770
3.866687 4.841235 0.000000 0.999821 -0.018914
4.972963 4.043373 0.000000 0.999934 -0.011454
3.499216 5.199007 0.000000 0.998827 -0.048421
6.020717 4.569345 0.000000 0.999058 -0.043388
5.491671 4.437511 0.000000 0.999195 0.040118
6.018888 4.938999 0.000000 0.964765 -0.263114
8.186419 3.822607 0.000000 0.874714 -0.484639
7.434086 4.676389 0.000000 0.986364 0.164579
8.712969 3.032130 0.000000 0.996861 -0.079175
7.716084 5.609550 0.000000 0.986221 0.165433
1.865736 4.847040 0.000000 0.996749 -0.080574
1.309319 0.323029 0.000000 0.999331 0.036560
7.724552 0.701791 0.000000 0.980123 -0.198389
8.368992 1.579884 0.000000 0.990362 0.138500
0.369057 4.456589 0.000000 0.999835 0.018186
7.832767 0.773330 0.000000 0.976997 -0.213254
3.194154 0.742623 0.000000 0.999760 0.021914
5.028927 4.302277 0.000000 0.999618 -0.027643
3.780444 5.416353 0.000000 0.997961 -0.063825
4.949982 1.392326 0.000000 0.998262 0.058938
4.576080 1.711125 0.000000 0.999993 0.003850
4.412323 1.253329 0.000000 0.998689 0.051186
5.217876 3.881864 0.000000 0.999959 0.009033
4.546458 4.438133 0.000000 0.999792 -0.020414
8.057914 2.201712 0.000000 0.874286 0.485411
8.305669 2.142184 0.000000 0.888983 0.457941
8.442645 4.329078 0.000000 0.982166 -0.188017
1.428275 4.355007 0.000000 0.998150 0.060807
1.011826 4.456875 0.000000 0.999586 0.028756
1.523262 1.495189 0.000000 0.999518 -0.031048
0.766895 1.420574 0.000000 0.999992 -0.003984
3.378752 4.994264 0.000000 0.999378 -0.035251
3.515625 5.925822 0.000000 0.999867 -0.016282
3.992859 0.435168 0.000000 0.996877 0.078975
6.887703 5.170827 0.000000 0.999942 -0.010747
6.219965 5.102189 0.000000 0.989758 -0.142756
7.129697 0.927144 0.000000 0.997022 -0.077119
7.279086 1.495617 0.000000 0.979374 0.202055
5.242439 0.335239 0.000000 0.974798 0.223090
2.372914 4.961214 0.000000 0.995534 -0.094401
2.469622 4.772399 0.000000 0.996477 -0.083861
2.307567 1.004754 0.000000 0.997438 0.071536
6.627516 0.341053 0.000000 0.999010 0.044490
6.693823 0.917854 0.000000 0.998595 0.052988
2.506651 5.440734 0.000000 0.999485 -0.032080
2.984249 4.845948 0.000000 0.999652 0.026376
2.736654 1.170281 0.000000 0.998667 0.051618
2.348300 0.149527 0.000000 0.999900 0.014160
7.114336 4.610230 0.000000 0.961813 -0.273706
6.876955 5.046922 0.000000 0.999673 0.025576
5.687945 5.380318 0.000000 0.956467 -0.291839
8.946371 0.281250 0.000000 0.999552 -0.029943
0.568648 0.921352 0.000000 0.998090 0.061770
0.774608 3.514693 0.000000 0.999999 0.001007
0.857677 3.798543 0.000000 0.999989 0.004715
0.128370 2.235647 0.000000 1.000000 0.000089
8.620775 3.519038 0.000000 0.809769 -0.586748
8.713784 4.943707 0.000000 0.996363 0.085206
4.680344 3.438087 0.000000 1.000000 0.000513
4.777851 3.931502 0.000000 0.999991 -0.004298
0.290476 3.513106 0.000000 1.000000 0.000274
0.565797 4.249274 0.000000 0.999972 0.007438
0.779629 2.597276 0.000000 1.000000 -0.000151
7.642790 4.540167 0.000000 0.975163 -0.221490
8.179583 4.319236 0.000000 0.952893 -0.303305
7.966749 1.257353 0.000000 0.997230 0.074379
8.484799 1.462720 0.000000 0.998600 0.052901
4.097385 2.568949 0.000000 0.999859 0.016778
4.719963 1.949951 0.000000 1.000000 -0.000921
0.134127 0.268518 0.000000 0.998227 0.059516
7.981477 0.391832 0.000000 0.986563 -0.163382
7.975484 0.139753 0.000000 0.987818 -0.155616
8.688078 5.857109 0.000000 0.997888 0.064955
0.385961 5.355182 0.000000 0.998616 -0.052585
3.944393 4.353646 0.000000 0.999434 -0.033651
3.290634 4.571239 0.000000 0.998429 -0.056031
2.157796 5.472145 0.000000 0.999000 -0.044712
4.471474 0.809401 0.000000 0.994392 0.105760
4.223574 0.223761 0.000000 0.995778 0.091799
3.577313 0.510131 0.000000 0.998454 0.055577
3.859532 2.110720 0.000000 0.999839 0.017948
3.530815 1.287764 0.000000 0.999880 0.015468
4.867579 1.683999 0.000000 0.999997 -0.002276
4.983985 1.285301 0.000000 0.996800 0.079935
0.511174 2.918913 0.000000 1.000000 -0.000006
0.858931 3.138392 0.000000 1.000000 -0.000086
0.511174 3.054091 0.000000 1.000000 0.000005
6.680975 5.561407 0.000000 0.999734 -0.023074
6.140448 5.872044 0.000000 0.997300 -0.073433
3.344547 0.891404 0.000000 0.999759 0.021938
4.093207 0.784104 0.000000 0.997515 0.070460
3.584224 5.445725 0.000000 0.998495 -0.054849
3.261564 4.902215 0.000000 0.999962 0.008722
3.853884 4.719528 0.000000 0.998986 -0.045033
4.648380 5.707120 0.000000 0.991671 -0.128794
5.157250 5.282950 0.000000 0.982763 -0.184870
4.329676 5.595614 0.000000 0.995478 -0.094996
4.596299 5.611947 0.000000 0.992673 -0.120834
4.796406 4.763786 0.000000 0.997405 -0.071993
5.006794 5.046246 0.000000 0.991125 -0.132930
6.832189 0.804837 0.000000 0.999916 -0.012937
6.264835 0.566886 0.000000 0.992696 0.120642
7.016978 5.198337 0.000000 0.997771 0.066730
7.453125 5.950820 0.000000 0.999898 0.014313
1.975782 1.223322 0.000000 0.994892 0.100947
0.701007 0.427786 0.000000 0.997960 0.063842
3.560657 0.250605 0.000000 0.999098 0.042461
1.997723 0.775131 0.000000 0.997378 0.072370
1.299066 5.293578 0.000000 0.997559 -0.069826
5.855465 0.129700 0.000000 0.993699 0.112078
6.463127 0.449473 0.000000 0.999171 0.040710
6.247199 5.664361 0.000000 0.996667 -0.081575
5.426397 0.537620 0.000000 0.981203 0.192980
3.736089 5.226357 0.000000 0.998923 -0.046397
8.274199 3.076447 0.000000 0.994305 -0.106575
8.250896 2.958316 0.000000 0.969429 -0.245370
8.673889 2.671364 0.000000 0.984368 -0.176122
1.290142 4.354080 0.000000 0.996036 0.088950
1.399672 4.836618 0.000000 0.998439 -0.055849
1.171342 1.518743 0.000000 0.999595 -0.028466
0.932732 1.334059 0.000000 0.999989 0.004633
7.888669 4.549203 0.000000 0.981158 -0.193206
7.861876 4.766346 0.000000 0.997944 0.064092
4.544218 3.051057 0.000000 0.999994 -0.003333
4.227627 3.103305 0.000000 0.999994 -0.003523
4.656652 3.111742 0.000000 0.999984 0.005581
4.808748 3.470860 0.000000 0.999822 0.018884
5.949428 4.829653 0.000000 0.994262 -0.106976
5.883950 5.192144 0.000000 0.973135 -0.230235
8.015625 5.933207 0.000000 0.993075 0.117479
8.296090 5.496816 0.000000 0.985404 0.170235
7.719480 2.032373 0.000000 0.835206 0.549937
8.090268 1.275758 0.000000 0.999811 -0.019447
8.277717 4.850715 0.000000 0.998627 0.052384
8.346941 4.467663 0.000000 0.998566 -0.053529
0.614041 5.058055 0.000000 0.998859 -0.047751
1.390009 5.313408 0.000000 0.996447 -0.084220
1.529117 0.914469 0.000000 0.996869 0.079073
0.884142 0.752601 0.000000 0.998734 0.050300
2.340876 0.417249 0.000000 0.999570 0.029333
7.746138 1.352930 0.000000 0.991184 0.132496
8.154197 1.573322 0.000000 0.988302 0.152509
7.901575 0.662267 0.000000 0.976316 -0.216350
8.244351 0.934227 0.000000 0.996033 -0.088984
0.715895 1.846482 0.000000 0.999992 -0.004025
0.495895 1.576630 0.000000 0.999477 -0.032333
0.829871 4.304870 0.000000 0.999184 0.040400
0.549834 4.869698 0.000000 0.998997 -0.044769
7.356922 4.404734 0.000000 0.931343 -0.364143
7.826525 4.457944 0.000000 0.983189 -0.182593
2.553974 0.854306 0.000000 0.998394 0.056656
2.154346 1.290856 0.000000 0.998640 0.052134
6.279337 1.455598 0.000000 0.999814 0.019302
6.336189 0.943279 0.000000 0.972621 0.232398
1.889282 0.528027 0.000000 0.998843 0.048093
1.700694 5.866350 0.000000 0.999916 -0.012987
3.480844 1.584604 0.000000 0.993102 0.117258
3.126354 1.200912 0.000000 0.999138 0.041524
5.857475 0.790827 0.000000 0.966238 0.257652
5.400461 0.787984 0.000000 0.982170 0.187994
6.174801 4.711685 0.000000 0.952127 -0.305702
6.320910 4.727236 0.000000 0.999992 0.004025
1.960577 4.450683 0.000000 0.995754 0.092052
2.089524 4.827854 0.000000 0.997511 -0.070514
8.330595 2.792470 0.000000 0.962497 -0.271292
8.594047 2.418240 0.000000 0.972267 -0.233875
0.468953 0.506242 0.000000 0.997761 0.066886
0.565760 5.207772 0.000000 0.999023 -0.044197
0.372328 5.731330 0.000000 0.998965 -0.045493
8.435799 5.521298 0.000000 0.990464 0.137772
8.624133 5.040374 0.000000 0.998786 0.049251
6.684137 5.244223 0.000000 0.995114 -0.098735
6.139633 4.917212 0.000000 0.967176 -0.254107
3.254388 0.298514 0.000000 0.999459 0.032886
5.637771 1.427168 0.000000 0.999257 -0.038553
5.783119 1.284503 0.000000 0.995069 0.099182
2.833982 4.894428 0.000000 0.998514 -0.054489
3.068011 4.955234 0.000000 0.999513 -0.031196
8.640287 5.722923 0.000000 0.995528 0.094467
8.602675 5.313973 0.000000 0.996242 0.086615
3.377251 1.635797 0.000000 0.997192 0.074883
3.722847 1.544956 0.000000 0.999861 0.016654
7.104041 0.233080 0.000000 0.999380 -0.035196
6.929529 0.579376 0.000000 0.997956 -0.063897
1.107789 1.912636 0.000000 0.999977 -0.006781
0.586563 1.715380 0.000000 0.999964 -0.008533
0.965768 2.042248 0.000000 0.999998 0.002058
0.798475 2.321309 0.000000 0.999989 -0.004771
0.441074 4.258182 0.000000 0.999966 0.008247
0.555531 0.395956 0.000000 0.998207 0.059851
0.337266 0.510315 0.000000 0.998941 0.046012
0.557237 5.381007 0.000000 0.998561 -0.053628
5.024306 0.796331 0.000000 0.987720 0.156235
5.309120 1.054316 0.000000 0.987344 0.158591
1.998833 5.567389 0.000000 0.998980 -0.045159
2.230386 5.581699 0.000000 0.999297 -0.037503
0.523110 2.014664 0.000000 1.000000 0.000610
0.345569 2.183390 0.000000 1.000000 -0.000022
3.239061 0.924326 0.000000 0.999960 0.008957
3.302525 0.520914 0.000000 0.998733 0.050330
5.972510 0.127224 0.000000 0.999081 0.042871
6.045805 0.237933 0.000000 0.995167 0.098197
4.184234 5.017457 0.000000 0.997192 -0.074888
4.253236 4.933350 0.000000 0.998502 -0.054718
4.446571 5.356663 0.000000 0.991237 -0.132094
4.488767 5.615512 0.000000 0.993327 -0.115329
3.715847 5.697227 0.000000 0.998500 -0.054760
0.902396 5.144612 0.000000 0.997632 -0.068776
1.484119 4.581135 0.000000 0.999998 0.002013
6.704916 1.303546 0.000000 0.984535 0.175189
6.637526 1.220989 0.000000 0.989231 0.146363
5.468492 5.736962 0.000000 0.974616 -0.223884
6.119019 5.235288 0.000000 0.953193 -0.302362
7.509500 4.805388 0.000000 0.998169 -0.060483
8.184910 4.600345 0.000000 0.999365 -0.035620
4.213597 4.232175 0.000000 0.999942 0.010774
4.597414 3.883139 0.000000 1.000000 0.000349
8.257231 5.385198 0.000000 0.974025 0.226438
1.201795 4.017404 0.000000 0.999976 0.006879
7.151479 5.111897 0.000000 0.993357 0.115076
7.421707 5.111041 0.000000 0.995366 0.096163
4.488821 2.479616 0.000000 1.000000 -0.000261
4.959115 1.924792 0.000000 0.999676 -0.025451
7.756122 5.247104 0.000000 0.983477 0.181034
0.439296 2.824280 0.000000 1.000000 -0.000014
0.724134 2.912192 0.000000 1.000000 -0.000006
6.509737 0.545775 0.000000 0.997188 0.074942
1.536119 1.327408 0.000000 0.998634 0.052246
0.836282 1.127762 0.000000 0.999622 0.027480
2.713572 4.798163 0.000000 0.999744 0.022617
2.727318 4.639795 0.000000 0.993292 -0.115635
3.048248 5.094480 0.000000 0.999899 -0.014224
2.873249 5.525311 0.000000 0.999628 -0.027264
4.907051 4.470738 0.000000 0.999650 -0.026460
4.358917 4.581651 0.000000 0.999550 -0.030006
4.313991 2.932998 0.000000 0.999998 0.001907
4.735134 3.023075 0.000000 1.000000 0.000140
6.888102 1.501061 0.000000 0.976768 0.214301
6.876983 1.267763 0.000000 0.919944 0.392049
1.710665 5.001800 0.000000 0.997418 -0.071811
1.943523 4.671004 0.000000 0.999965 -0.008411
8.023735 0.650888 0.000000 0.960432 -0.278514
7.593750 5.901641 0.000000 0.998098 0.061652
1.795192 0.484712 0.000000 0.998841 0.048130
1.692164 0.283071 0.000000 0.999470 0.032551
6.196428 5.454317 0.000000 0.992057 -0.125792
6.788272 5.288477 0.000000 0.999983 0.005763
4.059292 4.174311 0.000000 0.999835 0.018159
4.005924 3.955578 0.000000 1.000000 0.000860
5.061715 4.099736 0.000000 0.999664 -0.025906
4.692407 3.848639 0.000000 0.999988 0.004799
5.202034 5.723627 0.000000 0.986729 -0.162374
2.455787 1.369398 0.000000 0.999977 0.006798
2.640855 1.010284 0.000000 0.998700 0.050978
8.416415 0.964612 0.000000 0.997659 -0.068388
0.371808 1.853527 0.000000 0.999851 -0.017244
0.330775 2.022700 0.000000 1.000000 -0.000466
7.790528 1.136448 0.000000 0.993620 -0.112779
7.620971 0.715141 0.000000 0.974318 -0.225178
8.613366 4.748543 0.000000 0.998281 0.058603
0.076952 5.727442 0.000000 0.996877 -0.078967
4.481814 1.062924 0.000000 0.996491 0.083695
4.354067 1.439917 0.000000 0.999457 0.032951
8.878535 2.781250 0.000000 0.855672 0.517518
8.577240 2.545103 0.000000 0.881960 0.471325
3.798220 5.055495 0.000000 0.999586 -0.028766
3.438721 4.727582 0.000000 0.999763 -0.021754
4.401664 4.807369 0.000000 0.998242 -0.059277
4.985483 5.215852 0.000000 0.989653 -0.143484
5.623639 5.282322 0.000000 0.978398 -0.206732
5.266108 5.276352 0.000000 0.981770 -0.190071
2.943178 0.251272 0.000000 0.999809 0.019565
1.489534 0.744208 0.000000 0.996762 0.080406
1.669304 1.014377 0.000000 0.997003 0.077362
2.774768 0.517979 0.000000 0.999245 0.038840
2.873050 0.133644 0.000000 0.999918 0.012832
7.644051 4.185178 0.000000 0.845495 -0.533983
5.035154 0.600874 0.000000 0.985267 0.171021
0.131911 4.068687 0.000000 0.999947 0.010323
0.294863 4.164720 0.000000 0.999972 0.007446
0.765766 3.379478 0.000000 1.000000 0.000309
0.747691 3.802807 0.000000 0.999999 -0.001136
2.421786 5.677267 0.000000 0.999702 -0.024391
2.982408 5.726986 0.000000 0.999755 -0.022147
2.614819 5.753381 0.000000 0.999869 -0.016170
2.388560 5.461722 0.000000 0.998929 -0.046264
0.152858 5.285179 0.000000 0.999053 -0.043520
0.218491 1.201292 0.000000 0.999937 0.011244
0.428332 3.323015 0.000000 1.000000 0.000260
0.648776 2.594021 0.000000 1.000000 -0.000923
0.046451 3.093750 0.000000 1.000000 0.000004
8.660072 1.990501 0.000000 0.904195 0.427120
8.945869 1.387277 0.000000 0.999649 0.026477
8.706548 3.644758 0.000000 0.716169 -0.697927
8.941458 3.054641 0.000000 0.174155 -0.984718
8.215452 4.503100 0.000000 0.982501 -0.186256
8.660792 3.738198 0.000000 0.822535 -0.568714
8.939859 1.032244 0.000000 0.999310 -0.037146
8.848625 0.699641 0.000000 0.997187 -0.074948
5.780989 5.152396 0.000000 0.969820 -0.243820
5.660240 5.626804 0.000000 0.958378 -0.285503
4.113430 0.286089 0.000000 0.996890 0.078800
4.341781 0.300764 0.000000 0.994590 0.103874
0.727661 3.915566 0.000000 1.000000 0.000660
1.247082 3.912725 0.000000 0.999999 -0.001333
8.205644 1.670583 0.000000 0.967807 0.251692
8.292435 1.825698 0.000000 0.968796 0.247859
4.241968 2.385973 0.000000 0.999988 0.004878
4.150844 1.894225 0.000000 0.999954 -0.009632
4.271935 2.180231 0.000000 0.999993 0.003827
4.382735 2.199404 0.000000 0.999977 0.006748
3.915155 1.548452 0.000000 0.999958 0.009157
4.276701 1.523805 0.000000 0.999690 0.024909
0.413212 4.600678 0.000000 0.999688 0.024997
0.248270 4.429875 0.000000 0.999741 0.022753
0.899564 4.544332 0.000000 0.999685 0.025095
0.726640 4.788856 0.000000 0.999461 -0.032821
0.574201 1.360787 0.000000 0.999998 -0.001821
0.615750 1.255552 0.000000 0.999968 -0.008023
8.530294 0.304752 0.000000 0.993046 -0.117723
1.068746 2.025469 0.000000 0.999956 -0.009412
1.218111 1.714358 0.000000 0.999851 -0.017274
0.388449 1.288347 0.000000 0.999989 0.004729
7.942655 4.122990 0.000000 0.898404 -0.439169
8.098780 3.946159 0.000000 0.885709 -0.464241
8.528305 1.877818 0.000000 0.923132 0.384483
8.674550 2.241845 0.000000 0.913996 0.405724
8.933151 4.009060 0.000000 0.999047 -0.043656
8.711731 4.225021 0.000000 0.998021 -0.062885
8.872263 4.102271 0.000000 0.998751 -0.049973
6.378208 4.618742 0.000000 0.991225 -0.132186
6.498103 4.864276 0.000000 0.980551 -0.196266
3.992741 2.064278 0.000000 0.999668 0.025783
3.827894 1.496616 0.000000 0.999168 0.040783
3.150146 0.311871 0.000000 0.999668 0.025761
2.891881 0.344073 0.000000 0.999543 0.030243
7.653582 1.955611 0.000000 0.824591 0.565730
8.080442 1.816753 0.000000 0.928709 0.370810
4.255216 3.904066 0.000000 0.999996 -0.002922
4.372936 3.458704 0.000000 0.999984 -0.005682
4.461592 4.414162 0.000000 0.999992 -0.004079
4.596482 4.824076 0.000000 0.998023 -0.062853
3.898487 5.077798 0.000000 0.998522 -0.054356
3.776316 4.926163 0.000000 0.999011 -0.044457
5.764512 0.773150 0.000000 0.973373 0.229228
5.220222 1.307585 0.000000 0.995801 0.091541
3.153912 0.876701 0.000000 0.999096 0.042520
3.267819 1.260854 0.000000 0.999930 -0.011800
7.698486 4.906877 0.000000 0.999710 0.024071
7.528938 4.488075 0.000000 0.981729 -0.190285
7.631892 5.130248 0.000000 0.977939 0.208892
7.976597 5.235283 0.000000 0.982963 0.183804
8.410560 0.485630 0.000000 0.989960 -0.141345
4.254677 5.524384 0.000000 0.993071 -0.117518
3.907488 5.692722 0.000000 0.997803 -0.066246
2.276287 0.679284 0.000000 0.998436 0.055901
2.659790 0.885705 0.000000 0.999431 0.033726
4.734673 0.514455 0.000000 0.989103 0.147224
4.503476 0.521964 0.000000 0.991820 0.127644
4.811092 0.312121 0.000000 0.986823 0.161805
4.590837 0.114534 0.000000 0.998021 0.062879
1.965043 4.771494 0.000000 0.996007 -0.089278
2.492581 5.190950 0.000000 0.998790 -0.049181
2.879424 5.405360 0.000000 0.999186 -0.040349
2.349421 5.566481 0.000000 0.999353 -0.035962
2.556123 5.661890 0.000000 0.999627 -0.027321
2.556253 5.879135 0.000000 0.999972 -0.007428
4.943646 0.901344 0.000000 0.990324 0.138772
4.978221 0.698238 0.000000 0.987367 0.158448
6.546542 0.057856 0.000000 0.999998 -0.002158
6.310984 0.645221 0.000000 0.971946 0.235205
4.897711 2.329041 0.000000 0.999996 -0.003000
4.759208 2.617648 0.000000 0.999895 -0.014516
4.325516 2.576412 0.000000 0.999994 0.003453
7.417300 1.063470 0.000000 0.991890 -0.127096
7.661011 1.451454 0.000000 0.999360 0.035773
4.347527 0.768764 0.000000 0.995179 0.098072
4.589583 0.751888 0.000000 0.993572 0.113206
7.043833 4.676338 0.000000 0.939824 -0.341658
3.985385 0.650004 0.000000 0.997542 0.070077
3.818032 0.527908 0.000000 0.998160 0.060627
6.484231 0.794448 0.000000 0.992349 0.123463
6.451343 0.629402 0.000000 0.994421 0.105481
3.583497 1.672528 0.000000 0.999734 0.023047
3.701487 1.652914 0.000000 0.998176 0.060370
5.204166 4.027666 0.000000 0.996175 0.087377
5.464884 4.230691 0.000000 1.000000 -0.000990
7.546875 0.145437 0.000000 0.998086 -0.061840
7.472146 0.352190 0.000000 0.994526 -0.104490
0.167611 3.429712 0.000000 1.000000 0.000117
0.565720 2.490582 0.000000 1.000000 -0.000882
5.328431 5.171980 0.000000 0.979722 -0.200361
5.631149 4.919880 0.000000 0.987655 -0.156646
8.220082 3.550803 0.000000 0.945443 -0.325787
8.175171 3.422205 0.000000 0.966854 -0.255331
1.814134 5.190150 0.000000 0.996809 -0.079819
1.358660 4.603754 0.000000 0.999894 0.014568
3.375000 0.105924 0.000000 0.999981 0.006111
3.747399 0.443448 0.000000 0.998198 0.060005
5.123530 5.503328 0.000000 0.979872 -0.199627
4.969385 5.338607 0.000000 0.984114 -0.177536
4.983056 1.729196 0.000000 0.999568 0.029392
5.039786 1.840581 0.000000 0.999905 0.013820
0.271338 2.244878 0.000000 1.000000 -0.000135
1.029722 5.089720 0.000000 0.997084 -0.076311
1.314642 4.806071 0.000000 0.999010 -0.044496
4.041825 0.962290 0.000000 0.998465 0.055395
3.977827 1.041641 0.000000 0.998751 0.049970
1.403022 0.688891 0.000000 0.996758 0.080453
1.219859 0.888426 0.000000 0.996658 0.081683
6.937238 0.706414 0.000000 0.999975 -0.007041
7.106365 0.728968 0.000000 0.996614 -0.082225
6.674544 1.129592 0.000000 0.901737 0.432286
6.598817 0.906550 0.000000 0.952597 0.304235
3.658491 4.905468 0.000000 0.999931 -0.011760
3.839820 5.260138 0.000000 0.998020 -0.062890
7.256962 5.162466 0.000000 0.996331 0.085582
7.613209 5.033632 0.000000 0.988262 0.152766
4.267626 4.029118 0.000000 0.999984 -0.005640
4.182202 4.137159 0.000000 0.999975 0.007125
1.565274 0.355487 0.000000 0.999452 0.033105
1.101320 0.390530 0.000000 0.998189 0.060152
3.167111 4.492912 0.000000 0.997593 -0.069339
3.391900 4.517515 0.000000 0.998953 -0.045745
5.584544 5.743024 0.000000 0.994120 -0.108281
5.614069 5.873498 0.000000 0.991942 -0.126689
7.041838 1.243536 0.000000 0.870812 0.491616
3.992938 1.748333 0.000000 0.999981 -0.006170
4.345861 1.961692 0.000000 0.999991 -0.004208
8.518249 3.304356 0.000000 0.994265 0.106940
8.602806 3.082958 0.000000 0.999344 0.036220
0.924077 5.618606 0.000000 0.998717 -0.050647
1.129005 5.622436 0.000000 0.999100 -0.042425
1.603219 1.442950 0.000000 0.996985 -0.077598
1.889009 1.576403 0.000000 0.993755 -0.111583
5.820208 0.270265 0.000000 0.995044 0.099439
5.756333 0.053646 0.000000 0.999423 0.033963
8.606987 3.159065 0.000000 0.992713 0.120503
8.699629 3.424471 0.000000 0.737545 -0.675297
8.184909 1.765753 0.000000 0.911541 0.411209
8.023176 1.444985 0.000000 0.999105 0.042294
0.424011 5.943779 0.000000 0.999096 -0.042502
0.313463 5.858722 0.000000 0.998890 -0.047107
4.218750 0.111026 0.000000 0.999092 0.042598
4.078125 0.052467 0.000000 0.999076 0.042979
4.812699 5.159277 0.000000 0.992782 -0.119934
4.929211 5.135960 0.000000 0.990674 -0.136252
4.868894 5.913072 0.000000 0.995476 -0.095013
4.795730 5.616717 0.000000 0.988661 -0.150167
4.796885 5.848259 0.000000 0.990384 -0.138347
7.769660 5.484677 0.000000 0.986255 0.165230
8.121712 5.364429 0.000000 0.966472 0.256772
0.320964 4.698690 0.000000 0.999926 -0.012188
0.414300 4.911500 0.000000 0.999467 -0.032637
0.083403 0.823914 0.000000 0.997981 0.063517
0.559136 1.149986 0.000000 0.999417 0.034129
4.247888 3.633402 0.000000 0.999998 -0.002091
4.134813 3.864652 0.000000 0.999816 -0.019198
6.433027 5.764130 0.000000 0.999860 -0.016756
6.277014 5.564249 0.000000 0.992331 -0.123610
6.792290 5.851311 0.000000 0.999844 0.017666
6.890625 5.949185 0.000000 0.999997 -0.002629
7.174838 5.734692 0.000000 0.997231 0.074364
6.779388 5.557654 0.000000 0.999540 0.030339
5.326635 4.691970 0.000000 0.997080 -0.076360
5.226272 4.673158 0.000000 0.997394 -0.072151
0.847886 2.458477 0.000000 1.000000 -0.000749
0.961192 2.488753 0.000000 1.000000 -0.000188
0.889919 3.690658 0.000000 0.999999 -0.001139
0.634892 3.382769 0.000000 1.000000 0.000625
0.594744 3.901496 0.000000 1.000000 0.000235
0.322365 5.136392 0.000000 0.998705 -0.050868
0.311808 5.275858 0.000000 0.998105 -0.061529
4.479600 3.254962 0.000000 0.999982 -0.006048
3.990898 3.395167 0.000000 0.999960 -0.008921
8.849537 3.424471 0.000000 0.540499 -0.841345
7.327783 0.973869 0.000000 0.999843 -0.017719
7.016359 0.898119 0.000000 1.000000 -0.000763
7.726633 0.960823 0.000000 0.986051 -0.166442
7.918352 1.147343 0.000000 0.988900 -0.148586
8.373001 1.248913 0.000000 0.999441 -0.033421
8.156019 0.986081 0.000000 0.985702 -0.168501
4.194895 1.263876 0.000000 0.999427 0.033856
4.092994 0.667440 0.000000 0.996130 0.087893
5.862021 0.937092 0.000000 0.978696 0.205315
5.593409 1.043632 0.000000 0.986354 0.164641
6.160187 1.378051 0.000000 0.996163 -0.087517
6.045847 1.418782 0.000000 0.999993 0.003780
8.353198 0.585518 0.000000 0.989401 -0.145212
8.718528 0.657967 0.000000 0.994326 -0.106378
8.099183 0.754129 0.000000 0.981056 -0.193723
8.274969 0.799189 0.000000 0.984790 -0.173750
1.325386 5.655489 0.000000 0.998929 -0.046265
1.288318 5.933193 0.000000 0.999927 -0.012076
7.420369 0.606372 0.000000 0.984768 -0.173875
7.473373 0.246473 0.000000 0.995928 -0.090157
0.826767 0.135874 0.000000 0.999620 0.027577
0.765945 0.222866 0.000000 0.999711 0.024025
0.438775 0.061074 0.000000 0.999336 0.036437
8.402875 5.173746 0.000000 0.995617 0.093520
8.046671 4.717598 0.000000 0.997892 0.064898
8.064133 4.178946 0.000000 0.910270 -0.414016
8.356141 4.372176 0.000000 0.965129 -0.261775
8.418496 4.738729 0.000000 0.999685 0.025103
8.712036 4.818707 0.000000 0.999978 -0.006659
1.999004 0.369101 0.000000 0.999392 0.034856
1.423171 0.549709 0.000000 0.998271 0.058779
8.304846 5.194866 0.000000 0.992516 0.122115
4.655391 1.227189 0.000000 0.998632 0.052284
4.832985 1.381790 0.000000 0.999384 0.035102
3.390330 5.140822 0.000000 0.999788 -0.020603
3.030909 5.312909 0.000000 0.999418 -0.034127
4.359375 0.058559 0.000000 0.998152 0.060766
4.472406 0.122034 0.000000 0.997699 0.067799
6.571335 1.015188 0.000000 0.991440 0.130564
6.432804 1.024009 0.000000 0.941955 0.335741
4.152632 1.174525 0.000000 0.998330 0.057771
4.328502 1.305711 0.000000 0.999187 0.040309
4.998190 4.693213 0.000000 0.996699 -0.081190
4.877027 4.672460 0.000000 0.998033 -0.062691
4.635001 4.341268 0.000000 0.999996 -0.002678
4.584468 4.220867 0.000000 0.999746 -0.022520
5.086226 4.226322 0.000000 0.999997 -0.002423
5.021394 4.495046 0.000000 0.999407 -0.034445
7.231810 4.602940 0.000000 0.998862 0.047692
8.911060 2.530975 0.000000 0.989202 -0.146561
1.529052 4.463522 0.000000 0.996649 0.081793
1.492425 4.261418 0.000000 0.999127 0.041775
1.562678 5.639402 0.000000 0.999320 -0.036866
1.597892 5.258061 0.000000 0.996325 -0.085648
4.479279 3.518282 0.000000 1.000000 -0.000832
5.054010 3.620523 0.000000 0.989997 0.141086
7.170832 5.633020 0.000000 0.996632 0.082007
7.265023 5.531802 0.000000 0.995641 0.093273
1.325364 0.943763 0.000000 0.997314 0.073248
1.448346 0.866414 0.000000 0.996693 0.081259
8.534900 2.809684 0.000000 0.863757 0.503908
8.438551 2.740741 0.000000 0.999541 -0.030297
6.771435 0.130056 0.000000 0.999937 -0.011229
6.539062 5.932098 0.000000 0.999997 0.002522
8.187258 0.389998 0.000000 0.988200 -0.153170
8.126988 0.285650 0.000000 0.986832 -0.161750
7.593750 5.803281 0.000000 0.995402 0.095784
7.734375 5.950820 0.000000 0.999023 0.044186
7.704915 0.290882 0.000000 0.994867 -0.101192
7.453125 0.048479 0.000000 0.999457 -0.032960
2.980509 5.600325 0.000000 0.999272 -0.038151
3.394018 5.856319 0.000000 0.999917 -0.012848
6.640292 0.057856 0.000000 0.999998 -0.002036
6.328125 0.054648 0.000000 1.000000 -0.000881
7.034265 5.792741 0.000000 0.999283 0.037870
7.315956 5.896409 0.000000 0.998806 0.048854
4.129487 5.561618 0.000000 0.996547 -0.083028
4.609910 5.948381 0.000000 0.996981 -0.077652
2.693663 0.342598 0.000000 0.999582 0.028913
2.500469 0.310944 0.000000 0.999666 0.025838
2.116236 5.936830 0.000000 0.999972 -0.007416
2.360507 5.946077 0.000000 0.999969 -0.007925
3.361871 0.210195 0.000000 0.999237 0.039058
3.515625 0.058864 0.000000 0.999847 0.017477
4.905531 0.061398 0.000000 0.992248 0.124271
5.205477 0.069588 0.000000 0.991493 0.130158
2.085034 0.281232 0.000000 0.999697 0.024618
1.685588 0.136301 0.000000 0.999903 0.013930
1.442137 5.723515 0.000000 0.999123 -0.041863
1.828125 5.942414 0.000000 0.999954 -0.009572
1.162791 0.163385 0.000000 0.999699 0.024545
1.273378 0.066807 0.000000 0.999866 0.016378
0.818405 5.675346 0.000000 0.998020 -0.062893
1.022735 5.679721 0.000000 0.998526 -0.054273
8.876058 0.201680 0.000000 0.999753 -0.022239
8.760381 0.234571 0.000000 0.998758 -0.049834
8.076866 5.703428 0.000000 0.990066 0.140602
8.574391 5.939813 0.000000 0.997657 0.068420
5.783515 5.648149 0.000000 0.982395 -0.186818
6.125093 5.728714 0.000000 0.997618 -0.068983
0.217065 0.075597 0.000000 0.998369 0.057091
3.624256 5.864519 0.000000 0.999843 -0.017697
3.617357 5.735638 0.000000 0.998854 -0.047871
8.713605 4.436167 0.000000 0.999901 -0.014058
8.947981 4.406250 0.000000 0.999571 -0.029277
6.233046 4.988201 0.000000 0.964954 -0.262421
6.382559 4.822999 0.000000 0.909011 -0.416772
8.645036 1.125506 0.000000 0.996284 -0.086134
8.514358 0.994589 0.000000 0.998083 -0.061887
2.037972 5.462629 0.000000 0.998320 -0.057935
1.871927 5.112608 0.000000 0.996193 -0.087180
5.661328 4.323062 0.000000 0.994797 0.101879
5.683535 4.517038 0.000000 0.999967 -0.008164
4.282663 5.288140 0.000000 0.995863 -0.090871
4.204162 5.353974 0.000000 0.996543 -0.083074
4.865146 3.211043 0.000000 0.999885 0.015146
4.958020 3.316885 0.000000 0.999694 0.024718
4.930275 2.766453 0.000000 0.999947 -0.010317
4.275681 2.770062 0.000000 1.000000 -0.000602
4.034205 2.767719 0.000000 0.999951 0.009932
4.244632 3.241734 0.000000 0.999979 -0.006453
4.369000 3.322086 0.000000 0.999996 -0.002767
3.061099 0.980500 0.000000 1.000000 -0.000341
2.745125 0.777514 0.000000 0.998909 0.046689
7.629760 4.779483 0.000000 0.989952 0.141406
7.892192 4.968335 0.000000 0.999448 0.033211
4.232778 2.485798 0.000000 0.999939 0.011033
4.440586 2.079747 0.000000 0.999960 0.008972
0.607245 2.403075 0.000000 1.000000 -0.000460
0.687482 2.322195 0.000000 1.000000 -0.000395
8.234102 5.748308 0.000000 0.993758 0.111558
8.119369 5.876349 0.000000 0.994549 0.104272
7.877930 5.284865 0.000000 0.984970 0.172728
8.086456 5.250282 0.000000 0.986377 0.164499
0.151044 0.698914 0.000000 0.998826 0.048434
1.919932 1.351344 0.000000 0.999768 -0.021536
1.900504 1.169375 0.000000 0.998187 0.060197
0.275754 2.725118 0.000000 1.000000 -0.000045
0.060461 2.569752 0.000000 1.000000 -0.000006
4.319150 0.418289 0.000000 0.993917 0.110135
4.614311 0.592538 0.000000 0.991054 0.133460
1.023876 5.330074 0.000000 0.997576 -0.069589
0.900278 5.269643 0.000000 0.998546 -0.053909
0.979885 0.356683 0.000000 0.998190 0.060147
0.791184 0.333121 0.000000 0.998210 0.059799
0.990012 0.775048 0.000000 0.997349 0.072762
1.214645 0.788510 0.000000 0.997717 0.067534
0.818405 5.832713 0.000000 0.999765 -0.021693
0.700106 5.919518 0.000000 0.999659 -0.026117
8.670768 5.192883 0.000000 0.993083 0.117411
8.835423 5.221214 0.000000 0.999598 0.028355
0.633865 4.145968 0.000000 0.999894 0.014553
0.551342 4.012322 0.000000 1.000000 0.000620
2.089299 0.794834 0.000000 0.998011 0.063044
1.627668 0.717814 0.000000 0.997071 0.076486
2.201317 0.276264 0.000000 0.999720 0.023645
2.235403 0.147707 0.000000 0.999932 0.011633
4.770596 5.725762 0.000000 0.992811 -0.119696
5.085962 5.396439 0.000000 0.985309 -0.170784
7.732373 3.952118 0.000000 0.855682 -0.517503
7.863474 4.169269 0.000000 0.895825 -0.444406
2.878455 0.795050 0.000000 0.999557 0.029765
2.938030 0.947667 0.000000 0.999333 0.036511
7.479690 1.489329 0.000000 0.990596 0.136821
7.892619 1.459069 0.000000 0.987638 0.156753
8.131958 2.946867 0.000000 0.988989 -0.147991
8.058948 2.841470 0.000000 0.999887 -0.015057
8.039052 0.273009 0.000000 0.994978 -0.100090
8.263096 0.606540 0.000000 0.977012 -0.213185
5.969995 1.328341 0.000000 0.999332 -0.036545
5.938637 1.136277 0.000000 0.992618 0.121280
6.202361 1.003209 0.000000 0.919002 0.394252
5.956043 0.983336 0.000000 0.961732 0.273993
2.392865 0.931916 0.000000 0.997813 0.066097
2.128359 0.912513 0.000000 0.995499 0.094771
4.535007 2.048377 0.000000 0.999999 -0.001311
4.581552 1.919579 0.000000 0.999981 -0.006098
8.412679 3.375780 0.000000 0.908690 -0.417472
8.409207 3.801799 0.000000 0.895178 -0.445709
2.451830 4.645094 0.000000 0.999901 -0.014068
2.579294 4.563544 0.000000 0.999060 -0.043353
3.188213 4.705555 0.000000 0.999341 -0.036288
3.131072 5.320906 0.000000 0.999293 -0.037584
3.367019 5.428590 0.000000 0.998678 -0.051407
1.131699 4.524112 0.000000 0.999140 0.041460
1.265459 4.485213 0.000000 0.999793 0.020329
2.408846 0.293888 0.000000 0.999706 0.024245
2.775513 0.382280 0.000000 0.999662 0.025990
2.511701 1.247994 0.000000 0.994038 0.109033
2.332874 1.377217 0.000000 0.999555 0.029841
3.863966 1.020977 0.000000 0.999383 0.035112
3.771591 0.939601 0.000000 0.998802 0.048935
7.665073 0.425031 0.000000 0.983806 -0.179235
7.863232 0.142716 0.000000 0.994879 -0.101073
0.085610 4.585763 0.000000 0.999998 0.002072
0.722069 4.598222 0.000000 0.999965 0.008320
0.592125 4.767200 0.000000 0.999996 -0.002728
0.644498 1.051437 0.000000 0.999699 0.024532
0.654141 0.832238 0.000000 0.998598 0.052933
0.444990 1.506279 0.000000 0.999974 -0.007165
0.054232 1.593750 0.000000 0.999956 -0.009345
0.470257 1.678839 0.000000 0.999796 -0.020202
0.480727 1.389823 0.000000 0.999990 -0.004388
0.766414 4.712089 0.000000 0.999997 0.002425
0.821913 4.886255 0.000000 0.999508 -0.031359
8.494405 5.331335 0.000000 0.991354 0.131214
8.517519 5.475480 0.000000 0.992451 0.122645
8.418389 4.222700 0.000000 0.968757 -0.248012
8.525867 3.845599 0.000000 0.959173 -0.282821
4.742468 2.070842 0.000000 0.999996 -0.002674
3.242567 5.700015 0.000000 0.999560 -0.029666
3.383192 5.730906 0.000000 0.999140 -0.041465
7.818319 3.920561 0.000000 0.954786 -0.297292
8.131868 3.618747 0.000000 0.937862 0.347009
0.159928 3.815208 0.000000 1.000000 -0.000352
0.310430 3.860155 0.000000 1.000000 0.000057
5.312805 0.791165 0.000000 0.983403 0.181434
5.333107 1.264845 0.000000 0.996520 0.083359
3.866137 3.900309 0.000000 0.999778 -0.021047
3.865275 3.757789 0.000000 0.999235 -0.039098
8.542105 1.088285 0.000000 0.997685 -0.068006
8.494356 1.220333 0.000000 0.999996 0.002650
6.214271 1.224954 0.000000 0.945089 0.326814
6.340463 1.219374 0.000000 0.986390 0.164424
2.258044 1.281266 0.000000 0.999834 0.018226
2.268743 1.104690 0.000000 0.996522 0.083326
5.815816 5.378505 0.000000 0.976287 -0.216481
5.957900 5.013127 0.000000 0.982985 -0.183684
5.315202 0.149508 0.000000 0.985227 0.171254
5.195764 0.667459 0.000000 0.984321 0.176387
5.315781 0.546639 0.000000 0.978815 0.204746
8.065123 0.880916 0.000000 0.997318 -0.073185
7.584640 0.923479 0.000000 0.996966 -0.077832
2.830086 1.393038 0.000000 0.999541 0.030300
2.869806 1.158634 0.000000 0.999629 0.027223
2.987581 5.390346 0.000000 0.999292 -0.037624
3.279735 5.362397 0.000000 0.999599 -0.028317
5.496129 0.404047 0.000000 0.955973 0.293454
5.648372 0.405435 0.000000 0.981888 0.189460
8.476890 4.993943 0.000000 0.989673 0.143345
8.370915 4.824960 0.000000 0.999737 0.022942
0.945750 2.171626 0.000000 0.999984 -0.005651
1.053844 2.242709 0.000000 0.999994 -0.003512
6.001032 4.472936 0.000000 0.990988 0.133953
0.944109 1.114784 0.000000 0.999122 0.041896
1.006565 1.042281 0.000000 0.999120 0.041935
3.446454 5.639238 0.000000 0.999234 -0.039144
3.184192 5.405506 0.000000 0.999445 -0.033306
1.168927 4.968905 0.000000 0.997855 -0.065465
1.238404 5.380224 0.000000 0.997694 -0.067880
2.853075 1.486293 0.000000 0.990357 0.138542
0.696359 5.520502 0.000000 0.997431 -0.071639
0.567724 5.550478 0.000000 0.997976 -0.063593
1.560069 5.923935 0.000000 0.999937 -0.011237
1.442137 5.857129 0.000000 0.999909 -0.013512
1.547763 0.489018 0.000000 0.997876 0.065142
1.830016 0.683302 0.000000 0.997849 0.065556
1.425827 0.141910 0.000000 0.999883 0.015316
1.558699 0.075103 0.000000 0.999904 0.013840
1.655715 5.387699 0.000000 0.997687 -0.067976
1.537730 5.500487 0.000000 0.998006 -0.063127
7.733049 5.719826 0.000000 0.985110 0.171927
8.127833 5.768246 0.000000 0.995566 0.094064
3.626389 4.789525 0.000000 0.999685 -0.025085
3.669649 4.665123 0.000000 0.998763 -0.049726
7.240402 4.820061 0.000000 0.981436 0.191789
7.310920 4.701236 0.000000 0.942624 -0.333857
0.249859 4.039720 0.000000 0.999999 0.001601
0.393237 4.165128 0.000000 0.999994 0.003524
5.315202 0.288685 0.000000 0.987553 0.157285
4.972700 0.235628 0.000000 0.991573 0.129551
2.001763 0.665829 0.000000 0.998490 0.054941
2.241236 0.917882 0.000000 0.997877 0.065131
3.613196 0.136346 0.000000 0.999725 0.023461
3.807672 0.073383 0.000000 0.999587 0.028740
3.674182 0.518799 0.000000 0.998095 0.061702
3.667567 0.754822 0.000000 0.998309 0.058133
1.340175 5.028233 0.000000 0.996939 -0.078187
1.452790 5.225192 0.000000 0.996812 -0.079784
5.080490 1.630083 0.000000 0.999996 -0.002970
5.080641 1.501178 0.000000 0.999209 0.039778
5.077723 1.074189 0.000000 0.990728 0.135862
5.208479 0.998077 0.000000 0.991828 0.127580
6.502652 5.067491 0.000000 0.862213 -0.506546
6.642042 5.089136 0.000000 0.994600 -0.103782
6.735430 5.009486 0.000000 0.976842 -0.213964
6.597249 4.800152 0.000000 0.936708 -0.350110
6.022905 5.692977 0.000000 0.984285 -0.176587
6.075133 5.423328 0.000000 0.942830 -0.333273
2.372491 5.213242 0.000000 0.998005 -0.063142
2.300374 5.070263 0.000000 0.997470 -0.071086
0.358728 1.732416 0.000000 0.999859 -0.016795
2.210154 4.785407 0.000000 0.993383 -0.114850
2.342384 4.844332 0.000000 0.997645 -0.068582
2.347600 4.566841 0.000000 0.999998 0.002158
5.046227 4.860640 0.000000 0.994407 -0.105619
4.756872 5.044311 0.000000 0.993420 -0.114526
8.397649 2.322282 0.000000 0.856678 0.515851
8.302877 2.240139 0.000000 0.881075 0.472976
5.222572 1.431664 0.000000 0.999991 -0.004209
5.470461 1.545743 0.000000 0.999996 -0.002925
0.737952 0.593850 0.000000 0.997959 0.063865
0.615651 0.695804 0.000000 0.997635 0.068727
1.590124 1.684727 0.000000 0.999039 -0.043828
1.430057 1.862249 0.000000 0.999964 -0.008493
1.279746 4.121987 0.000000 0.999996 -0.002926
1.427255 4.128527 0.000000 0.999993 0.003648
3.980007 2.509682 0.000000 0.999602 0.028228
3.859731 2.245288 0.000000 0.999222 0.039438
2.810530 5.019248 0.000000 0.999938 -0.011125
2.580765 5.058688 0.000000 0.998735 -0.050291
4.035737 5.449029 0.000000 0.996228 -0.086775
3.544130 5.635770 0.000000 0.998627 -0.052381
8.373021 3.592297 0.000000 0.847215 -0.531251
8.460483 3.480157 0.000000 0.828499 -0.559991
8.322148 3.859272 0.000000 0.869487 -0.493957
8.357072 3.997132 0.000000 0.904208 -0.427092
4.202219 5.153334 0.000000 0.997896 -0.064829
4.279881 5.422568 0.000000 0.995492 -0.094849
3.898835 5.585877 0.000000 0.997511 -0.070517
3.940970 5.473288 0.000000 0.997352 -0.072732
8.320182 2.520164 0.000000 0.960981 0.276616
8.439095 2.582588 0.000000 0.861756 -0.507323
7.048687 0.126375 0.000000 0.999517 -0.031067
7.004124 0.495903 0.000000 0.999630 -0.027207
0.674331 1.454962 0.000000 0.999926 -0.012144
1.219911 1.447418 0.000000 0.998540 -0.054026
0.172427 3.690208 0.000000 1.000000 -0.000158
0.295291 3.648601 0.000000 1.000000 0.000259
4.836189 4.914067 0.000000 0.995924 -0.090192
4.969599 4.939319 0.000000 0.993936 -0.109956
0.742379 2.065280 0.000000 0.999998 -0.001796
0.843583 2.187533 0.000000 1.000000 0.000921
1.308808 1.079037 0.000000 0.998448 0.055689
1.219825 1.161694 0.000000 0.998833 0.048293
6.672205 4.563622 0.000000 0.993372 -0.114939
6.928157 4.639717 0.000000 0.990418 -0.138104
7.346599 0.524913 0.000000 0.994261 -0.106984
7.220280 0.573043 0.000000 0.993195 -0.116461
6.530318 0.710603 0.000000 0.983724 0.179685
6.765605 0.381874 0.000000 0.999876 -0.015774
6.846927 0.207238 0.000000 0.999859 -0.016813
6.860903 0.311542 0.000000 0.999742 -0.022734
0.269902 0.331555 0.000000 0.997890 0.064929
0.057687 0.317920 0.000000 0.997859 0.065408
0.218018 5.616410 0.000000 0.998480 -0.055124
0.325389 5.647435 0.000000 0.997673 -0.068185
8.708775 5.632823 0.000000 0.995040 0.099472
8.850316 5.642009 0.000000 0.999123 0.041873
5.252229 4.484326 0.000000 0.999986 -0.005340
5.375957 4.300746 0.000000 0.999973 0.007283
7.973326 5.678896 0.000000 0.993357 0.115076
7.874146 5.424440 0.000000 0.963834 0.266502
3.672414 4.175009 0.000000 0.999972 0.007489
3.989240 4.091577 0.000000 0.999996 0.002970
8.711466 1.734241 0.000000 0.998070 0.062106
8.944335 1.767244 0.000000 0.997442 0.071480
3.545861 4.183098 0.000000 0.999993 -0.003825
3.613607 4.412304 0.000000 0.998601 -0.052872
4.635512 5.038807 0.000000 0.995819 -0.091349
4.531497 5.152432 0.000000 0.994811 -0.101738
3.129288 1.583523 0.000000 0.987747 0.156062
3.102929 1.407712 0.000000 0.999038 0.043846
3.801461 1.110294 0.000000 0.999445 0.033315
3.631297 1.254995 0.000000 0.999530 0.030645
6.998748 4.965993 0.000000 0.999790 -0.020514
6.973908 4.857238 0.000000 0.997212 -0.074618
8.935865 3.688220 0.000000 0.945169 -0.326582
8.935865 3.813220 0.000000 0.994524 -0.104508
5.232022 4.892786 0.000000 0.994432 -0.105377
5.454775 4.935526 0.000000 0.988991 -0.147973
5.930022 0.663146 0.000000 0.955835 0.293904
5.880621 0.531132 0.000000 0.973775 0.227511
7.444233 4.529874 0.000000 0.925610 -0.378480
7.694488 4.649126 0.000000 0.994454 -0.105171
7.956457 2.275438 0.000000 0.914868 0.403753
7.856951 2.224286 0.000000 0.896377 0.443293
0.492128 0.640026 0.000000 0.998114 0.061395
0.335774 0.857058 0.000000 0.998066 0.062159
0.247301 1.100115 0.000000 0.999937 0.011266
0.424251 0.937814 0.000000 0.999327 0.036682
6.715963 4.865393 0.000000 0.991681 -0.128718
6.832648 4.794074 0.000000 0.983856 -0.178964
3.504939 0.633665 0.000000 0.998599 0.052922
3.566877 0.759159 0.000000 0.999281 0.037906
3.116158 0.673465 0.000000 0.998938 0.046065
2.965581 0.681803 0.000000 0.999102 0.042370
1.001283 4.139523 0.000000 0.999998 -0.002122
1.206782 4.253951 0.000000 0.999988 0.004957
7.112445 1.586186 0.000000 0.941022 0.338345
7.013433 1.448702 0.000000 0.927375 0.374134
4.815712 0.902403 0.000000 0.992542 0.121900
4.657060 0.678046 0.000000 0.990881 0.134742
8.953125 0.062500 0.000000 0.999945 -0.010520
8.924491 3.299471 0.000000 0.636106 0.771602
0.327715 0.136672 0.000000 0.999141 0.041451
0.369740 0.262209 0.000000 0.998703 0.050925
7.562168 0.442955 0.000000 0.984506 -0.175349
7.530639 0.584762 0.000000 0.985924 -0.167191
0.957347 5.948621 0.000000 0.999899 -0.014194
3.954701 4.678181 0.000000 0.999586 -0.028761
4.268519 4.647580 0.000000 0.999152 -0.041171
3.607532 0.323093 0.000000 0.998929 0.046269
3.449956 0.277394 0.000000 0.999476 0.032372
7.364655 5.536435 0.000000 0.987186 0.159573
7.438069 5.429842 0.000000 0.986246 0.165281
1.740356 5.755021 0.000000 0.999686 -0.025074
1.867787 5.715914 0.000000 0.999721 -0.023614
1.975611 5.879244 0.000000 0.999978 -0.006575
1.975611 5.764072 0.000000 0.999700 -0.024512
8.734307 1.551049 0.000000 0.999908 0.013559
8.473474 1.565651 0.000000 0.993145 0.116891
4.568047 0.297732 0.000000 0.990743 0.135749
4.449988 0.251503 0.000000 0.993991 0.109457
8.274705 3.270952 0.000000 0.998759 -0.049804
8.343285 2.922961 0.000000 0.999907 -0.013634
6.687315 1.405463 0.000000 0.991224 0.132193
6.580661 1.451847 0.000000 0.994600 0.103783
0.245347 1.666817 0.000000 0.999864 -0.016467
0.128628 1.694450 0.000000 0.999660 -0.026077
0.146776 1.883824 0.000000 0.999934 -0.011464
0.072380 1.970624 0.000000 1.000000 -0.000947
1.781533 5.416196 0.000000 0.997679 -0.068090
2.047248 5.215541 0.000000 0.996611 -0.082261
5.995352 5.543049 0.000000 0.985169 -0.171587
5.863782 5.517708 0.000000 0.952255 -0.305305
7.995383 3.578785 0.000000 0.977071 0.212916
7.975275 3.462871 0.000000 0.995900 -0.090460
1.425827 0.275523 0.000000 0.999252 0.038672
1.198731 0.285994 0.000000 0.999478 0.032319
4.362189 5.941363 0.000000 0.998152 -0.060771
4.078125 5.943706 0.000000 0.999231 -0.039220
4.221564 5.885068 0.000000 0.999120 -0.041937
4.221564 5.772479 0.000000 0.995508 -0.094678
5.006096 3.908750 0.000000 0.999196 0.040081
5.108557 3.819311 0.000000 0.999993 0.003751
3.058481 4.526260 0.000000 0.990701 -0.136060
2.960403 4.479822 0.000000 0.991826 -0.127596
6.301493 0.456308 0.000000 0.990857 0.134914
6.384521 0.401998 0.000000 0.996153 0.087635
5.994127 5.125784 0.000000 0.950840 -0.309682
5.899768 5.289472 0.000000 0.957194 -0.289446
2.152630 5.212392 0.000000 0.997618 -0.068984
2.192242 5.074207 0.000000 0.997063 -0.076592
8.389234 0.075781 0.000000 0.997239 -0.074253
7.270801 5.278078 0.000000 0.992834 0.119503
7.163781 5.341000 0.000000 0.992278 0.124038
5.053414 5.716813 0.000000 0.983268 -0.182163
5.479920 5.522627 0.000000 0.969718 -0.244226
8.582875 1.441715 0.000000 0.999346 0.036174
8.736341 1.813074 0.000000 0.985954 0.167020
6.140562 1.135334 0.000000 0.996404 0.084732
6.010625 1.197990 0.000000 0.970535 0.240958
6.486664 1.363597 0.000000 0.999943 0.010663
6.386380 1.357152 0.000000 0.996894 0.078749
6.142939 0.908047 0.000000 0.967720 0.252026
6.182495 0.780090 0.000000 0.955300 0.295639
7.382485 1.451383 0.000000 0.929240 0.369478
7.372633 1.344894 0.000000 0.999173 -0.040656
5.927149 0.440561 0.000000 0.981833 0.189749
5.899811 0.341165 0.000000 0.993813 0.111064
5.612635 5.498176 0.000000 0.981579 -0.191056
5.426100 5.409685 0.000000 0.973804 -0.227387
4.844478 3.582431 0.000000 0.999988 -0.004866
4.714807 3.712048 0.000000 0.999997 0.002425
3.384509 0.628618 0.000000 0.998965 0.045495
3.326319 0.418548 0.000000 0.999374 0.035382
8.759788 2.191514 0.000000 0.906467 0.422277
8.917594 1.944022 0.000000 0.989332 0.145676
1.165614 1.348386 0.000000 0.999764 0.021724
1.385395 1.147652 0.000000 0.998331 0.057758
6.324277 5.758640 0.000000 0.998459 -0.055493
6.460160 5.883048 0.000000 0.999829 -0.018480
6.214425 0.385156 0.000000 0.996473 0.083916
6.060878 0.051171 0.000000 0.999802 0.019902
0.195838 3.161846 0.000000 1.000000 0.000007
0.368104 3.230455 0.000000 1.000000 0.000057
3.267582 5.877962 0.000000 0.999962 -0.008752
3.173832 5.772894 0.000000 0.999755 -0.022135
0.858931 2.861608 0.000000 1.000000 0.000068
0.949789 3.000000 0.000000 1.000000 0.000008
0.621881 3.155397 0.000000 1.000000 0.000193
0.581557 3.293610 0.000000 1.000000 0.000099
0.581557 2.706390 0.000000 1.000000 -0.000034
0.621881 2.844603 0.000000 1.000000 -0.000129
6.038260 5.945436 0.000000 0.999999 -0.001633
5.926834 5.892345 0.000000 0.999130 -0.041700
2.709191 0.054649 0.000000 0.999975 0.007005
1.068085 3.593465 0.000000 1.000000 -0.000615
1.032197 3.710287 0.000000 0.999984 0.005589
1.796749 4.619233 0.000000 0.998079 -0.061962
1.799367 4.482611 0.000000 0.990537 0.137246
4.835310 4.539340 0.000000 0.999588 -0.028696
4.680884 4.735097 0.000000 0.998502 -0.054710
4.299026 4.761663 0.000000 0.999327 -0.036680
4.168055 4.634235 0.000000 0.999782 -0.020888
4.311303 4.273854 0.000000 0.999992 -0.004027
4.379890 4.055896 0.000000 0.999995 0.003142
3.765328 4.634063 0.000000 0.999627 -0.027300
3.794871 4.513586 0.000000 0.999494 -0.031800
3.748156 3.949347 0.000000 0.999195 -0.040105
2.006241 1.434546 0.000000 1.000000 -0.000732
1.983880 1.541267 0.000000 0.988068 -0.154018
7.016060 0.763238 0.000000 0.998846 -0.048033
7.024513 1.075997 0.000000 0.996162 0.087532
8.446285 5.853082 0.000000 0.994225 0.107315
8.492245 5.718896 0.000000 0.992951 0.118523
0.643303 4.971891 0.000000 0.999117 -0.042012
0.420794 5.070590 0.000000 0.999182 -0.040439
5.084064 2.202221 0.000000 0.999976 -0.006910
5.188528 2.177733 0.000000 0.998025 -0.062822
4.815618 1.883326 0.000000 0.999871 0.016086
4.780812 1.753918 0.000000 0.999874 0.015892
6.572366 5.311991 0.000000 0.982410 -0.186734
6.448725 5.202815 0.000000 0.990165 -0.139906
4.658783 0.837136 0.000000 0.994389 0.105787
4.964021 1.018450 0.000000 0.993569 0.113230
3.201689 5.947466 0.000000 0.999933 -0.011617
2.953125 5.947466 0.000000 0.999981 -0.006169
0.328775 4.839104 0.000000 0.999871 -0.016066
0.176320 4.882515 0.000000 0.999985 -0.005459
5.289034 4.110427 0.000000 0.998123 -0.061239
5.433863 4.117361 0.000000 0.999757 -0.022053
8.743787 0.925830 0.000000 0.996425 -0.084484
8.638968 0.728324 0.000000 0.989924 -0.141599
8.646742 0.838943 0.000000 0.998491 -0.054908
4.938297 2.979235 0.000000 0.999994 -0.003427
4.865789 3.073659 0.000000 0.999917 0.012893
4.599608 2.715319 0.000000 0.999999 0.001336
4.633287 2.851316 0.000000 1.000000 -0.000444
4.717265 3.228362 0.000000 0.999998 0.001976
4.625440 3.320519 0.000000 0.999947 0.010260
8.547845 4.355956 0.000000 0.998328 -0.057800
8.626682 4.632246 0.000000 0.995938 -0.090043
0.093421 4.976177 0.000000 0.998920 -0.046472
4.540704 3.706708 0.000000 1.000000 -0.000750
4.353737 3.826040 0.000000 0.999990 -0.004550
4.119348 3.720699 0.000000 0.999873 -0.015942
3.989597 3.669104 0.000000 0.999814 -0.019305
4.525581 3.823954 0.000000 1.000000 -0.000927
4.433144 3.889118 0.000000 0.999999 -0.001261
0.526732 5.735906 0.000000 0.997603 -0.069192
0.561617 5.863298 0.000000 0.999767 -0.021590
4.063473 3.301898 0.000000 0.999999 0.001228
4.036962 3.156294 0.000000 0.999865 -0.016433
3.273154 4.648636 0.000000 0.999650 -0.026454
3.490969 4.815473 0.000000 0.999876 -0.015767
7.175331 5.945589 0.000000 0.999999 0.001505
7.034706 5.894774 0.000000 0.999629 0.027228
2.812500 5.892782 0.000000 0.999996 -0.002933
2.671875 5.945316 0.000000 0.999979 -0.006467
4.545973 5.260168 0.000000 0.992649 -0.121025
4.676292 5.342307 0.000000 0.990776 -0.135510
8.576894 3.954919 0.000000 0.823886 -0.566755
8.495158 4.048979 0.000000 0.896844 -0.442348
7.500267 5.019836 0.000000 0.986935 0.161119
7.465284 4.918986 0.000000 0.995971 0.089674
4.103932 5.695485 0.000000 0.996674 -0.081488
3.996498 5.749016 0.000000 0.997038 -0.076909
7.015440 5.311828 0.000000 0.998623 0.052466
6.975174 5.549336 0.000000 0.999109 0.042201
6.834582 5.702624 0.000000 0.999955 0.009519
6.932475 5.698464 0.000000 0.998732 0.050337
0.971551 0.942847 0.000000 0.997728 0.067375
0.778605 1.048132 0.000000 0.998374 0.057004
1.061288 0.096578 0.000000 0.999786 0.020697
3.355041 1.064488 0.000000 0.999907 0.013620
3.392244 1.172201 0.000000 0.999812 0.019413
5.970124 1.546784 0.000000 0.998368 -0.057106
5.846161 1.486453 0.000000 0.997755 -0.066975
0.857779 0.632975 0.000000 0.997023 0.077107
1.124042 0.485896 0.000000 0.998402 0.056508
8.945849 2.150696 0.000000 0.987224 0.159339
8.873648 2.233547 0.000000 0.985582 0.169199
4.698163 2.311473 0.000000 0.999996 -0.002861
4.617760 2.257619 0.000000 0.999994 -0.003495
5.692638 0.645292 0.000000 0.977911 0.209024
5.736200 0.530955 0.000000 0.941542 0.336897
7.858238 1.674246 0.000000 0.956595 0.291420
7.967428 1.658831 0.000000 0.977772 0.209672
4.009346 1.495344 0.000000 0.999571 0.029295
3.828171 1.194205 0.000000 0.999617 0.027664
5.546833 4.892990 0.000000 0.985033 -0.172367
5.502110 4.796198 0.000000 0.992901 -0.118944
1.563113 4.676371 0.000000 0.999999 -0.001054
1.699440 4.685704 0.000000 0.999843 -0.017733
3.978777 0.246737 0.000000 0.997564 0.069754
3.948297 0.125850 0.000000 0.999460 0.032850
8.018585 2.012344 0.000000 0.879293 0.476280
8.093980 1.926532 0.000000 0.902525 0.430638
5.142123 0.255645 0.000000 0.988016 0.154350
5.072880 0.300703 0.000000 0.981954 0.189119
6.294942 5.382100 0.000000 0.991261 -0.131917
6.581219 5.443734 0.000000 0.999860 -0.016732
4.725442 4.368846 0.000000 0.999944 -0.010562
4.850512 4.143336 0.000000 0.999774 -0.021263
4.759532 4.067642 0.000000 0.999998 -0.001973
4.628265 4.103231 0.000000 0.999996 0.002897
0.410623 3.099745 0.000000 1.000000 0.000059
0.269524 2.901134 0.000000 1.000000 -0.000005
7.873674 5.751393 0.000000 0.976979 0.213335
7.875000 5.884028 0.000000 0.997909 0.064640
7.315905 5.787545 0.000000 0.997355 0.072683
7.453074 5.743597 0.000000 0.991194 0.132420
7.561729 5.473638 0.000000 0.985553 0.169368
7.656849 5.401855 0.000000 0.973458 0.228867
5.213958 5.017281 0.000000 0.987111 -0.160036
5.315275 5.060455 0.000000 0.988924 -0.148424
0.565453 0.148066 0.000000 0.999615 0.027760
0.513728 0.273604 0.000000 0.998038 0.062617
2.965529 0.459432 0.000000 0.999465 0.032697
2.895400 0.556778 0.000000 0.999381 0.035189
0.656461 3.597522 0.000000 0.999997 0.002529
0.563357 3.512713 0.000000 1.000000 0.000598
2.793089 5.578754 0.000000 0.999334 -0.036488
2.601849 5.530117 0.000000 0.999273 -0.038121
7.799669 4.890975 0.000000 0.999134 0.041613
7.825421 4.651890 0.000000 0.998750 -0.049979
3.531200 1.483092 0.000000 0.999069 0.043141
3.468331 1.386139 0.000000 0.998288 0.058485
8.829859 3.213371 0.000000 0.653527 -0.756903
8.846826 3.093541 0.000000 0.976637 0.214894
8.776604 4.326969 0.000000 0.989361 -0.145484
3.939262 0.530094 0.000000 0.996187 0.087240
4.122208 0.411571 0.000000 0.995704 0.092589
7.824285 0.278988 0.000000 0.986250 -0.165261
7.878962 0.394849 0.000000 0.982426 -0.186651
7.650111 0.154609 0.000000 0.991063 -0.133393
7.743861 0.057652 0.000000 0.998153 -0.060754
7.288802 0.262684 0.000000 0.998058 -0.062298
7.160694 0.049194 0.000000 0.999996 -0.002731
0.977837 4.333928 0.000000 0.999096 0.042508
1.056143 4.251428 0.000000 0.998879 0.047338
8.866111 0.919385 0.000000 0.999822 -0.018858
8.926251 0.824641 0.000000 0.999987 -0.005142
2.432385 5.879895 0.000000 0.999986 -0.005328
2.356614 5.769519 0.000000 0.999828 -0.018531
8.924129 5.537213 0.000000 0.998603 0.052842
8.851673 1.125690 0.000000 0.999413 -0.034267
8.729349 1.069636 0.000000 0.999997 -0.002403
2.705223 1.382494 0.000000 0.995269 0.097155
2.578204 1.457946 0.000000 0.998719 0.050595
8.222970 2.710270 0.000000 0.997763 -0.066855
8.212012 2.596116 0.000000 0.935378 0.353650
5.461700 0.877156 0.000000 0.975931 0.218079
5.572424 0.825087 0.000000 0.985119 0.171876
5.018199 5.613222 0.000000 0.983855 -0.178969
4.891583 5.569293 0.000000 0.983393 -0.181488
5.120403 5.933669 0.000000 0.997827 -0.065889
5.314365 5.415542 0.000000 0.977703 -0.209992
5.243076 5.529030 0.000000 0.983647 -0.180110
7.913350 1.979532 0.000000 0.913476 0.406892
7.829138 2.063486 0.000000 0.810940 0.585130
2.136877 0.501098 0.000000 0.999028 0.044076
2.005920 0.463786 0.000000 0.998752 0.049946
1.814390 0.061198 0.000000 0.999929 0.011898
1.908140 0.156598 0.000000 0.999880 0.015514
2.025369 0.152676 0.000000 0.999898 0.014311
2.119119 0.057276 0.000000 0.999965 0.008311
7.072958 5.541940 0.000000 0.994796 0.101889
7.167149 5.440722 0.000000 0.994593 0.103849
2.452464 1.147134 0.000000 0.998885 0.047217
2.321721 1.172587 0.000000 0.993519 0.113670
1.051097 5.948621 0.000000 0.999915 -0.013042
1.236544 5.692850 0.000000 0.999072 -0.043078
2.553566 0.725856 0.000000 0.998930 0.046241
2.672115 0.664347 0.000000 0.998799 0.048993
0.612730 1.819398 0.000000 0.999865 -0.016425
0.509505 1.903968 0.000000 0.999995 -0.003185
4.678526 5.883569 0.000000 0.993280 -0.115733
4.597079 5.777998 0.000000 0.995820 -0.091335
1.692118 1.679994 0.000000 0.998143 -0.060922
1.548838 1.591139 0.000000 0.998299 -0.058301
4.389511 2.311520 0.000000 0.999980 0.006269
4.495562 2.348669 0.000000 0.999978 0.006692
4.025006 2.364506 0.000000 0.999998 0.001996
4.151574 2.323947 0.000000 0.999971 0.007606
4.229479 2.085892 0.000000 0.999998 0.002090
4.245554 1.987008 0.000000 0.999911 0.013349
0.068614 4.193687 0.000000 0.999990 0.004471
0.054359 4.406612 0.000000 0.999975 0.007120
0.139969 4.492375 0.000000 0.999593 0.028545
2.583340 4.849217 0.000000 0.996984 -0.077605
2.533215 4.971932 0.000000 0.998588 -0.053130
6.675103 5.834224 0.000000 0.999933 -0.011552
6.632812 5.932098 0.000000 0.999996 0.002908
6.502683 5.668246 0.000000 0.998621 -0.052499
6.618981 5.689289 0.000000 0.999997 0.002471
5.723104 4.422202 0.000000 0.990920 0.134452
5.906161 4.437799 0.000000 0.991591 0.129409
2.966054 0.054369 0.000000 0.999979 0.006435
3.234375 0.047060 0.000000 0.999955 0.009497
0.376203 0.718013 0.000000 0.998800 0.048982
0.284894 0.646193 0.000000 0.997552 0.069922
3.920107 4.476751 0.000000 0.999677 -0.025428
3.991381 4.555881 0.000000 0.999625 -0.027401
7.849092 0.887479 0.000000 0.984913 -0.173052
7.967015 0.943726 0.000000 0.977383 -0.211476
2.198161 5.338814 0.000000 0.997915 -0.064536
2.309890 5.343609 0.000000 0.998686 -0.051252
4.579397 0.402733 0.000000 0.990470 0.137729
4.717442 0.419199 0.000000 0.988593 0.150611
4.403339 0.529572 0.000000 0.993997 0.109409
4.322749 0.633352 0.000000 0.994672 0.103090
4.220629 0.839359 0.000000 0.997101 0.076094
4.195570 0.968340 0.000000 0.997277 0.073747
4.260012 1.061835 0.000000 0.998519 0.054410
4.386096 1.098805 0.000000 0.997783 0.066551
3.937040 1.223628 0.000000 0.999571 0.029279
4.024192 1.160382 0.000000 0.999133 0.041628
4.638465 2.130919 0.000000 0.999996 -0.002669
4.677553 2.432310 0.000000 0.999999 -0.001439
6.132098 4.587872 0.000000 0.996816 0.079735
6.259850 4.524350 0.000000 0.999401 0.034613
1.241157 2.101149 0.000000 0.999732 -0.023159
1.131590 2.138802 0.000000 0.999997 0.002409
0.393001 3.678853 0.000000 1.000000 0.000459
0.420638 3.765407 0.000000 1.000000 0.000084
5.507276 1.436362 0.000000 0.999751 -0.022303
5.451661 1.164248 0.000000 0.993542 0.113469
7.550835 0.825559 0.000000 0.954328 -0.298762
7.414855 0.754394 0.000000 0.986584 -0.163254
4.769623 2.487389 0.000000 0.999996 -0.002961
5.070832 2.409479 0.000000 0.999777 -0.021128
7.713380 1.062344 0.000000 0.992351 -0.123450
7.598656 1.118563 0.000000 0.983532 -0.180733
2.841783 5.777371 0.000000 0.999835 -0.018176
2.759724 5.704151 0.000000 0.999703 -0.024369
1.029953 1.809372 0.000000 0.999981 -0.006100
1.082495 1.697258 0.000000 0.998636 -0.052221
7.567078 1.412647 0.000000 0.966252 0.257599
7.546435 1.299116 0.000000 0.998690 -0.051165
1.295885 0.720469 0.000000 0.997684 0.068026
1.228168 0.639616 0.000000 0.997840 0.065688
2.680518 0.565525 0.000000 0.999264 0.038352
2.351253 0.559840 0.000000 0.998565 0.053562
7.758482 5.147192 0.000000 0.989143 0.146957
7.893312 5.066097 0.000000 0.974744 0.223327
7.737126 0.553488 0.000000 0.977901 -0.209068
7.831644 0.535199 0.000000 0.979788 -0.200040
7.582116 5.590735 0.000000 0.988557 0.150847
7.458405 5.641327 0.000000 0.992629 0.121192
1.084607 3.812025 0.000000 0.999998 -0.002146
1.189288 3.829689 0.000000 0.999998 0.001930
8.780063 1.651955 0.000000 0.996614 0.082217
8.888877 1.469298 0.000000 0.999913 -0.013184
3.797905 1.729674 0.000000 1.000000 0.000056
5.834538 4.975805 0.000000 0.968843 -0.247674
5.832399 4.853589 0.000000 0.991000 -0.133863
7.612443 1.788405 0.000000 0.836837 0.547452
7.502753 1.814576 0.000000 0.883277 0.468851
8.857682 1.230724 0.000000 0.999876 0.015733
8.945869 1.262277 0.000000 0.999371 -0.035468
8.755372 4.094073 0.000000 0.963489 -0.267746
8.695550 3.969302 0.000000 0.996403 -0.084744
1.313951 4.704280 0.000000 0.999872 -0.016001
1.208761 4.704994 0.000000 0.999986 -0.005221
8.152717 4.074071 0.000000 0.897328 -0.441364
8.275281 4.088379 0.000000 0.898017 -0.439960
1.425432 5.107299 0.000000 0.997308 -0.073320
1.520679 5.047394 0.000000 0.996077 -0.088487
0.635533 2.086558 0.000000 1.000000 0.000203
0.507255 2.342264 0.000000 1.000000 -0.000417
0.780866 4.966792 0.000000 0.998286 -0.058524
0.809284 5.091861 0.000000 0.998609 -0.052730
1.937932 1.036002 0.000000 0.994117 0.108310
2.063930 1.012461 0.000000 0.996444 0.084256
1.899012 0.853338 0.000000 0.995628 0.093406
1.862662 0.982097 0.000000 0.996477 0.083869
1.802951 1.383321 0.000000 0.999678 -0.025356
1.594603 1.251205 0.000000 0.999393 0.034846
3.479970 4.586614 0.000000 0.997948 -0.064032
3.575478 4.550104 0.000000 0.999602 -0.028198
0.095287 3.178693 0.000000 1.000000 0.000011
0.241202 3.247808 0.000000 1.000000 0.000022
3.062899 1.492204 0.000000 0.987359 0.158498
2.951013 1.511652 0.000000 0.988693 0.149955
0.762259 4.169303 0.000000 0.999993 0.003824
0.929926 3.921266 0.000000 0.999997 -0.002620
5.494510 5.287238 0.000000 0.973364 -0.229267
5.433666 5.013234 0.000000 0.985676 -0.168647
0.163415 5.083213 0.000000 0.999559 -0.029696
0.069994 5.169536 0.000000 0.998462 -0.055443
5.202183 1.785031 0.000000 0.999972 0.007444
8.313954 2.418844 0.000000 0.885684 0.464289
8.170844 2.274253 0.000000 0.874428 0.485156
4.720039 2.896405 0.000000 0.999999 0.001432
4.850694 2.845821 0.000000 0.999862 -0.016615
0.872591 3.273315 0.000000 1.000000 0.000388
0.983815 3.335188 0.000000 0.999999 0.001139
4.558983 1.314550 0.000000 0.997928 0.064341
4.580181 1.438951 0.000000 0.999521 0.030938
0.983794 2.664775 0.000000 1.000000 -0.000658
0.872571 2.726649 0.000000 1.000000 -0.000390
6.802895 0.524562 0.000000 0.999959 0.009101
6.711416 0.580043 0.000000 0.999241 0.038953
0.176824 0.910238 0.000000 0.999610 0.027923
0.052907 1.183128 0.000000 0.999861 0.016650
8.838858 2.426326 0.000000 0.774733 0.632288
8.927799 2.332851 0.000000 0.992924 0.118755
1.248362 5.053158 0.000000 0.997245 -0.074173
1.132934 5.309099 0.000000 0.997369 -0.072494
4.767022 0.217245 0.000000 0.995102 0.098855
4.662022 0.219322 0.000000 0.994683 0.102988
8.220698 0.724256 0.000000 0.988128 -0.153631
8.335497 1.026200 0.000000 0.986860 -0.161576
2.254251 1.475960 0.000000 0.998943 -0.045965
2.129174 1.402127 0.000000 0.999964 -0.008518
4.178052 1.776211 0.000000 0.999996 -0.002679
4.459085 1.511937 0.000000 0.999767 0.021576
4.679520 1.516501 0.000000 0.999828 0.018545
4.955865 1.484311 0.000000 0.999698 0.024577
7.394167 1.177352 0.000000 0.996891 -0.078792
7.449196 1.269310 0.000000 0.996747 0.080593
0.861195 3.559077 0.000000 0.999999 0.001427
0.963577 3.485736 0.000000 1.000000 0.000189
0.534397 3.783467 0.000000 1.000000 0.000387
0.637777 3.711542 0.000000 0.999999 0.001073
5.819014 5.763729 0.000000 0.992589 -0.121520
5.926834 5.783216 0.000000 0.998479 -0.055131
7.690322 1.860096 0.000000 0.909683 0.415303
7.987818 1.775981 0.000000 0.916156 0.400822
8.045180 1.560467 0.000000 0.953528 0.301305
7.862421 1.356596 0.000000 0.999532 0.030594
3.737321 4.406847 0.000000 0.999138 -0.041516
3.823368 4.307131 0.000000 0.999976 -0.006898
8.202199 1.977806 0.000000 0.885386 0.464856
8.296186 1.927971 0.000000 0.876265 0.481830
8.168133 2.373123 0.000000 0.934285 0.356527
7.943988 2.419426 0.000000 0.999933 -0.011618
4.099244 1.696997 0.000000 0.999690 0.024893
3.906526 1.673552 0.000000 0.999353 0.035955
3.819925 1.861408 0.000000 0.999713 -0.023954
3.618068 1.905497 0.000000 0.999816 0.019191
4.183112 1.484903 0.000000 0.999768 0.021544
4.107022 1.569108 0.000000 0.999992 0.003915
1.119710 4.643367 0.000000 0.999887 -0.015051
0.885071 4.676229 0.000000 0.999999 -0.001467
8.833563 5.445927 0.000000 0.998144 0.060903
8.909434 5.346214 0.000000 0.998967 0.045446
4.085207 5.343201 0.000000 0.996907 -0.078584
3.910405 5.196831 0.000000 0.998523 -0.054324
0.168509 4.679601 0.000000 0.999801 0.019954
0.082899 4.781338 0.000000 0.999750 -0.022374
5.411473 5.645193 0.000000 0.982325 -0.187184
5.286365 5.645738 0.000000 0.973236 -0.229809
4.107609 3.052242 0.000000 1.000000 0.000453
4.055294 2.946273 0.000000 0.999999 0.001642
0.122973 4.287799 0.000000 0.999776 0.021149
0.231274 4.287799 0.000000 0.999948 0.010169
8.924996 4.812502 0.000000 0.999739 -0.022846
8.850986 4.937502 0.000000 0.997744 0.067141
0.063297 3.875000 0.000000 1.000000 0.000924
0.063297 4.000000 0.000000 1.000000 0.000920
0.117518 1.245628 0.000000 0.999968 -0.007945
0.064612 1.375000 0.000000 0.999987 0.005114
0.261103 0.443457 0.000000 0.997626 0.068862
0.067641 0.625000 0.000000 0.997934 0.064245
8.887093 4.311961 0.000000 0.999901 -0.014104
8.939113 4.218211 0.000000 0.997332 -0.072994
8.849237 4.750002 0.000000 0.998554 0.053754
8.924240 4.625000 0.000000 0.997899 -0.064784
8.925989 5.125000 0.000000 0.997723 0.067441
8.925989 5.000000 0.000000 0.999991 0.004185
8.922374 0.625000 0.000000 0.999204 -0.039903
8.922374 0.500000 0.000000 0.998267 -0.058848
0.082864 5.365643 0.000000 0.997382 -0.072306
0.128109 5.457226 0.000000 0.999136 -0.041566
0.075796 3.500000 0.000000 1.000000 0.000002
0.075796 3.625000 0.000000 1.000000 0.000002
8.729745 2.879543 0.000000 0.999763 0.021787
8.959512 2.718750 0.000000 0.353739 0.935344
0.146386 2.061184 0.000000 1.000000 -0.000526
0.074006 2.153060 0.000000 1.000000 0.000031
0.274037 2.352882 0.000000 1.000000 -0.000159
0.137166 2.518315 0.000000 1.000000 -0.000013
0.349627 2.829369 0.000000 1.000000 -0.000026
0.095572 3.008382 0.000000 1.000000 0.000001
8.860911 3.625720 0.000000 0.881551 -0.472089
8.925046 3.500000 0.000000 0.979705 0.200447
0.046875 5.937500 0.000000 0.996190 -0.087213
8.785562 5.917296 0.000000 0.999479 0.032268
8.926187 5.729796 0.000000 0.999261 0.038437
5.703906 0.283809 0.000000 0.975156 0.221517
5.645413 0.143244 0.000000 0.998726 0.050466
2.701232 5.066450 0.000000 0.999298 -0.037477
2.721984 5.175814 0.000000 0.999355 -0.035916
1.417126 5.459065 0.000000 0.998433 -0.055961
1.130067 5.526064 0.000000 0.998004 -0.063147
4.209721 0.466769 0.000000 0.994381 0.105856
4.195638 0.587283 0.000000 0.996083 0.088419
3.776897 0.341067 0.000000 0.997895 0.064850
3.901128 0.330601 0.000000 0.998071 0.062079
7.268768 4.926890 0.000000 0.995664 0.093025
7.143996 5.003458 0.000000 0.999861 0.016673
8.869015 3.884781 0.000000 0.987739 -0.156116
8.748306 3.853221 0.000000 0.941154 -0.337978
2.548071 5.300328 0.000000 0.998517 -0.054443
2.657006 5.277431 0.000000 0.998989 -0.044962
1.200167 1.898888 0.000000 1.000000 -0.000980
1.270690 1.974068 0.000000 1.000000 -0.000009
4.880337 5.401567 0.000000 0.989699 -0.143163
4.779923 5.302128 0.000000 0.988676 -0.150069
4.808138 3.691012 0.000000 0.999600 0.028267
4.901965 3.872574 0.000000 1.000000 -0.000415
1.996387 5.111528 0.000000 0.996531 -0.083223
2.099935 4.956727 0.000000 0.994210 -0.107458
3.970691 5.884648 0.000000 0.999680 -0.025285
3.830066 5.940942 0.000000 0.999691 -0.024860
6.456445 4.980885 0.000000 0.996851 -0.079294
6.340901 4.939608 0.000000 0.981251 -0.192732
0.770936 1.961341 0.000000 0.999989 -0.004590
0.892159 1.954215 0.000000 1.000000 -0.000485
0.817009 1.761564 0.000000 0.999629 -0.027221
0.917300 1.834172 0.000000 0.999886 -0.015116
3.461626 4.946502 0.000000 0.999990 -0.004448
3.706407 5.140747 0.000000 0.998740 -0.050179
7.983803 3.923663 0.000000 0.883465 -0.468496
7.916262 3.995620 0.000000 0.882179 -0.470915
8.086002 4.273898 0.000000 0.951864 -0.306522
8.002691 4.356878 0.000000 0.969520 -0.245014
2.570988 0.221231 0.000000 0.999788 0.020574
2.419516 0.059095 0.000000 0.999988 0.004968
0.502736 5.494562 0.000000 0.997635 -0.068739
0.223930 5.504610 0.000000 0.999041 -0.043789
3.595727 5.118298 0.000000 0.999525 -0.030819
3.569716 5.012351 0.000000 0.999138 -0.041512
0.975793 0.185340 0.000000 0.999760 0.021897
0.898881 0.088762 0.000000 0.999753 0.022233
6.984713 1.317321 0.000000 0.996443 -0.084264
7.250554 1.340873 0.000000 0.959075 0.283152
4.850259 2.138448 0.000000 0.999938 -0.011098
4.826659 2.252379 0.000000 0.999711 -0.024048
1.017888 1.189415 0.000000 0.999648 0.026547
1.026683 1.287302 0.000000 0.999839 0.017966
1.046592 1.516920 0.000000 0.999368 -0.035533
0.946549 1.445271 0.000000 0.999840 -0.017874
1.008376 1.608829 0.000000 0.999358 -0.035818
0.798817 1.650216 0.000000 0.999528 -0.030727
4.733542 4.488367 0.000000 0.999870 -0.016115
5.070815 4.584401 0.000000 0.999770 -0.021427
3.294550 1.578660 0.000000 0.983264 0.182189
3.220118 1.628077 0.000000 0.993865 0.110596
1.542171 1.035367 0.000000 0.997695 0.067865
1.497400 1.123259 0.000000 0.996777 0.080221
5.560955 0.089598 0.000000 0.998484 0.055046
5.436305 0.308694 0.000000 0.990586 0.136890
5.999720 4.762894 0.000000 0.973604 -0.228242
6.122262 4.794784 0.000000 0.992471 -0.122479
8.174165 0.506328 0.000000 0.978223 -0.207556
8.056319 0.520804 0.000000 0.978431 -0.206573
8.309799 0.332523 0.000000 0.990377 -0.138396
8.406105 0.368397 0.000000 0.984190 -0.177116
5.673058 0.964084 0.000000 0.983509 0.180860
5.668192 0.870375 0.000000 0.973223 0.229865
5.340632 1.530196 0.000000 0.999989 0.004602
5.303979 1.635012 0.000000 0.998993 0.044869
3.106679 0.101429 0.000000 0.999983 0.005815
3.083058 0.219057 0.000000 0.999618 0.027620
6.440289 5.466014 0.000000 0.993605 -0.112916
6.423747 5.562644 0.000000 0.999286 -0.037779
1.659540 4.302867 0.000000 0.996440 0.084305
1.679057 4.423446 0.000000 0.997341 0.072877
5.496128 5.947549 0.000000 0.998226 -0.059538
5.404267 5.867435 0.000000 0.996499 -0.083600
0.985342 4.708027 0.000000 0.999826 -0.018655
1.052884 4.989663 0.000000 0.998852 -0.047907
0.538316 4.641151 0.000000 0.999999 0.001277
0.628486 4.548941 0.000000 0.999931 0.011757
0.777114 4.389319 0.000000 0.999661 0.026028
0.812819 4.505833 0.000000 0.999803 0.019870
7.186681 0.658624 0.000000 0.997271 -0.073824
7.330521 0.821811 0.000000 0.974753 -0.223286
0.118844 1.468750 0.000000 0.999624 -0.027416
0.300606 1.307436 0.000000 0.999957 -0.009267
0.253865 1.445522 0.000000 0.999999 -0.001510
0.305972 1.542889 0.000000 0.999676 -0.025459
4.469609 4.643348 0.000000 0.999239 -0.038996
4.481849 4.754983 0.000000 0.998614 -0.052628
8.554807 0.171172 0.000000 0.991470 -0.130333
8.482984 0.075781 0.000000 0.997857 -0.065425
8.434404 2.064100 0.000000 0.844864 0.534982
8.423372 1.957696 0.000000 0.933218 0.359311
8.491574 2.306169 0.000000 0.831357 0.555739
8.555338 2.202898 0.000000 0.825985 0.563692
1.731700 1.275222 0.000000 0.998890 0.047100
1.773403 1.189298 0.000000 0.998289 0.058464
4.319728 1.748176 0.000000 0.999608 0.027988
4.392827 1.840874 0.000000 0.999980 -0.006350
4.388609 4.988475 0.000000 0.996845 -0.079370
4.405530 5.108387 0.000000 0.996393 -0.084863
0.791092 5.439392 0.000000 0.998479 -0.055124
0.767215 5.343703 0.000000 0.996976 -0.077714
4.659737 4.592799 0.000000 0.998935 -0.046142
4.563095 4.570143 0.000000 0.999559 -0.029701
8.289955 1.166425 0.000000 0.999921 -0.012605
7.999081 1.077377 0.000000 0.998253 -0.059081
7.839498 4.287767 0.000000 0.959365 -0.282167
7.893080 4.362200 0.000000 0.953786 -0.300486
7.953532 4.785215 0.000000 0.999821 0.018946
7.982808 4.894440 0.000000 0.999118 0.041985
8.057658 3.055072 0.000000 0.999970 0.007769
8.150144 3.115322 0.000000 0.994102 -0.108451
8.066848 3.374235 0.000000 0.979132 -0.203226
8.872221 4.531250 0.000000 0.999831 -0.018398
8.748335 4.546158 0.000000 0.999291 -0.037653
8.524252 4.551124 0.000000 0.998372 -0.057036
8.587435 4.448795 0.000000 0.996412 -0.084633
8.517187 4.163870 0.000000 0.971495 -0.237060
8.609143 4.241379 0.000000 0.969962 -0.243255
8.868745 0.406250 0.000000 0.999303 -0.037329
8.605140 0.377601 0.000000 0.994779 -0.102057
3.608652 5.525507 0.000000 0.998752 -0.049950
3.718613 5.574090 0.000000 0.998076 -0.062008
3.751197 5.879639 0.000000 0.999669 -0.025744
3.802812 5.767050 0.000000 0.998476 -0.055195
7.210499 0.210842 0.000000 0.999403 -0.034553
7.374074 0.204457 0.000000 0.999381 -0.035175
3.164363 0.548453 0.000000 0.999477 0.032341
3.083914 0.459445 0.000000 0.999249 0.038752
4.116179 2.680132 0.000000 0.999998 -0.002175
4.249916 2.678905 0.000000 0.999960 0.008915
4.026541 1.947478 0.000000 0.999907 0.013653
3.947444 1.880800 0.000000 0.999919 -0.012713
4.036716 4.766762 0.000000 0.999309 -0.037158
3.984948 4.874610 0.000000 0.998794 -0.049090
6.452792 0.221801 0.000000 0.999753 0.022243
6.452792 0.112505 0.000000 0.999794 0.020274
8.943009 1.582021 0.000000 0.999546 0.030116
8.887343 1.661765 0.000000 0.999997 -0.002591
7.266624 4.387852 0.000000 0.928902 -0.370324
7.059361 4.504798 0.000000 0.953150 -0.302499
7.112828 4.427177 0.000000 0.961815 -0.273701
7.222250 4.475231 0.000000 0.885783 -0.464100
8.315290 0.173487 0.000000 0.986011 -0.166682
8.043613 0.054689 0.000000 0.995973 -0.089654
8.678232 0.544457 0.000000 0.996312 -0.085802
8.528282 0.659197 0.000000 0.994665 -0.103160
5.320393 1.754658 0.000000 1.000000 0.000308
5.499089 1.802471 0.000000 0.999991 0.004250
2.821592 5.227033 0.000000 0.998988 -0.044979
2.813001 5.346523 0.000000 0.999346 -0.036159
4.361874 3.699329 0.000000 0.999986 -0.005227
4.456403 3.645161 0.000000 0.999984 -0.005584
4.598246 3.516072 0.000000 0.999994 0.003491
4.634936 3.629302 0.000000 1.000000 -0.000183
7.458326 5.232525 0.000000 0.983435 0.181261
7.394958 5.318427 0.000000 0.984713 0.174184
6.678239 0.142100 0.000000 0.999970 0.007754
6.584489 0.251397 0.000000 0.999998 0.001976
0.331746 3.953480 0.000000 0.999999 0.001420
0.435438 4.022575 0.000000 0.999994 0.003401
2.009463 4.990899 0.000000 0.996626 -0.082077
1.899746 4.937572 0.000000 0.996031 -0.089013
4.849530 1.088903 0.000000 0.993893 0.110346
4.765542 1.015084 0.000000 0.994436 0.105338
4.922091 3.435071 0.000000 0.998958 0.045633
4.957820 3.546642 0.000000 0.999995 0.003176
3.732864 1.936147 0.000000 1.000000 0.000955
3.747094 2.058605 0.000000 0.998606 0.052786
1.780139 1.567158 0.000000 0.995358 -0.096245
1.732954 1.474846 0.000000 0.998989 -0.044961
8.035700 3.259516 0.000000 0.993933 -0.109988
8.138421 3.219117 0.000000 0.981436 -0.191790
3.185247 4.971874 0.000000 0.999377 -0.035288
3.138720 5.200899 0.000000 0.999193 -0.040157
2.909450 4.586555 0.000000 0.998128 -0.061167
2.823097 4.551398 0.000000 0.996148 -0.087693
3.652951 4.071682 0.000000 0.999721 -0.023629
3.768809 4.048983 0.000000 0.999926 0.012174
4.476267 1.629180 0.000000 0.999991 0.004281
4.361185 1.655489 0.000000 0.999946 -0.010348
6.589524 4.647819 0.000000 0.998436 -0.055913
6.492902 4.574585 0.000000 0.997287 -0.073615
8.106487 2.728662 0.000000 0.997875 0.065155
8.042735 2.444570 0.000000 0.921885 0.387465
2.726393 1.052972 0.000000 0.999820 0.018978
2.859546 1.041326 0.000000 0.999982 0.005922
8.423248 4.557334 0.000000 0.995711 -0.092521
8.218449 4.772058 0.000000 0.997904 0.064709
2.233162 4.635221 0.000000 0.999688 0.024987
2.159586 4.543475 0.000000 0.999402 0.034578
4.862804 0.676138 0.000000 0.989372 0.145405
4.907391 0.321980 0.000000 0.986070 0.166329
4.796443 1.270342 0.000000 0.996572 0.082726
4.865426 1.204098 0.000000 0.997876 0.065149
5.767804 5.048715 0.000000 0.982510 -0.186210
5.657157 5.019904 0.000000 0.975776 -0.218774
6.921026 5.418945 0.000000 0.998290 0.058450
6.823133 5.423104 0.000000 0.999895 -0.014510
0.526489 2.241056 0.000000 1.000000 -0.000237
0.625743 2.209697 0.000000 0.999999 -0.001442
1.401994 4.927555 0.000000 0.998388 -0.056752
1.516845 4.948001 0.000000 0.998274 -0.058727
1.324174 0.463684 0.000000 0.998034 0.062668
1.236309 0.522013 0.000000 0.997818 0.066025
6.201503 0.105819 0.000000 0.999250 0.038721
6.181048 0.216528 0.000000 0.998652 0.051910
1.073972 4.037463 0.000000 0.999998 -0.001874
1.014577 3.915119 0.000000 0.999992 0.003924
4.104852 2.864966 0.000000 0.999998 0.001957
4.212591 2.868536 0.000000 0.999988 0.004948
4.946948 0.524665 0.000000 0.984629 0.174660
4.850354 0.556094 0.000000 0.986945 0.161059
5.280030 0.668485 0.000000 0.981087 0.193565
4.968120 0.429197 0.000000 0.983954 0.178422
5.940878 4.661269 0.000000 0.999840 -0.017903
5.834188 4.642127 0.000000 0.995673 -0.092930
4.958839 2.506622 0.000000 0.999909 -0.013514
4.861285 2.443214 0.000000 0.999861 -0.016680
6.360135 0.822356 0.000000 0.967560 0.252643
6.265862 0.754330 0.000000 0.978706 0.205266
0.955155 4.900856 0.000000 0.998504 -0.054677
1.018169 4.816626 0.000000 0.999700 -0.024474
0.922147 5.491577 0.000000 0.998015 -0.062970
1.021868 5.456320 0.000000 0.997786 -0.066499
1.972955 5.332446 0.000000 0.997982 -0.063496
1.864301 5.305975 0.000000 0.997114 -0.075919
8.749583 2.052685 0.000000 0.976268 0.216565
8.863444 2.032218 0.000000 0.995458 0.095200
3.559905 1.785646 0.000000 0.999981 0.006195
3.428235 1.769415 0.000000 0.999925 0.012207
4.440798 4.181202 0.000000 0.999975 0.007080
4.406465 4.277632 0.000000 0.999851 -0.017273
5.053277 4.758773 0.000000 0.997443 -0.071461
5.188448 4.572647 0.000000 0.999269 -0.038241
7.455956 1.699562 0.000000 0.852527 0.522683
7.366651 1.704909 0.000000 0.895154 0.445757
7.805433 1.589965 0.000000 0.952374 0.304933
7.690109 1.586016 0.000000 0.953384 0.301760
7.547569 4.354424 0.000000 0.925334 -0.379153
7.711579 4.451671 0.000000 0.983152 -0.182788
7.519391 4.171566 0.000000 0.888190 -0.459477
2.615441 0.054649 0.000000 0.999983 0.005804
2.550582 0.113744 0.000000 0.999971 0.007557
8.121965 4.796890 0.000000 0.999244 0.038885
8.081155 4.895929 0.000000 0.998854 0.047859
5.160717 2.066108 0.000000 0.999968 -0.007944
5.247360 2.035869 0.000000 0.997401 -0.072047
0.276576 1.914802 0.000000 0.999999 -0.001581
0.274981 2.082282 0.000000 1.000000 -0.000027
3.231435 1.047223 0.000000 0.999858 0.016854
3.127173 1.094995 0.000000 0.999997 -0.002615
4.823979 4.278521 0.000000 0.999913 -0.013223
4.903820 4.329440 0.000000 0.999988 -0.004988
3.208831 4.389242 0.000000 0.985021 -0.172435
3.359206 4.394635 0.000000 0.992432 -0.122797
8.412780 5.633491 0.000000 0.986850 0.161641
8.123741 5.611553 0.000000 0.993138 0.116952
0.573956 4.363505 0.000000 0.999763 0.021779
0.449232 4.372413 0.000000 0.999821 0.018943
5.185769 1.665384 0.000000 0.998908 0.046715
5.153635 1.861114 0.000000 0.999833 -0.018259
2.918114 1.254864 0.000000 0.999477 0.032351
3.030102 1.276306 0.000000 0.999976 -0.006986
0.146530 2.757252 0.000000 1.000000 -0.000015
0.060461 2.694752 0.000000 1.000000 -0.000005
8.200649 2.085615 0.000000 0.870405 0.492336
8.084928 2.111028 0.000000 0.900877 0.434074
6.250578 0.276197 0.000000 0.997759 0.066917
6.364783 0.274785 0.000000 0.999239 0.039004
6.137192 0.560475 0.000000 0.971232 0.238134
6.116737 0.449766 0.000000 0.986065 0.166363
3.324342 0.725316 0.000000 0.999415 0.034197
3.389587 0.826471 0.000000 0.999371 0.035463
1.713613 0.819029 0.000000 0.996866 0.079104
1.656250 0.893478 0.000000 0.995923 0.090208
3.525405 4.294971 0.000000 0.997411 -0.071906
3.392993 4.291950 0.000000 0.997633 -0.068758
4.019130 1.383744 0.000000 0.999722 0.023593
4.126870 1.359180 0.000000 0.998936 0.046114
5.076955 0.409735 0.000000 0.986189 0.165621
5.135275 0.575051 0.000000 0.983563 0.180567
5.155903 0.479380 0.000000 0.978254 0.207413
5.252144 0.449942 0.000000 0.982752 0.184928
5.217103 0.876203 0.000000 0.983012 0.183544
5.141728 0.791375 0.000000 0.984307 0.176463
6.972788 0.370758 0.000000 0.998759 -0.049805
7.077553 0.327345 0.000000 0.997772 -0.066715
7.135736 0.503091 0.000000 0.995140 -0.098465
7.178011 0.407470 0.000000 0.997563 -0.069767
5.098933 4.396105 0.000000 0.999968 0.007963
5.212135 4.397138 0.000000 0.999826 -0.018636
5.356504 4.512467 0.000000 0.999965 0.008396
5.393087 4.619600 0.000000 0.997210 -0.074652
0.758790 1.236633 0.000000 0.999737 0.022926
0.809804 1.307481 0.000000 0.999989 -0.004602
2.693909 5.496210 0.000000 0.999517 -0.031070
2.707647 5.383931 0.000000 0.999135 -0.041580
4.646606 2.627159 0.000000 1.000000 0.000016
4.590409 2.509403 0.000000 1.000000 0.000517
3.796925 5.537068 0.000000 0.997905 -0.064700
3.856546 5.375615 0.000000 0.997460 -0.071229
4.474815 2.696272 0.000000 1.000000 -0.000569
4.405872 2.785514 0.000000 0.999988 0.004826
4.433327 2.870546 0.000000 0.999999 0.001140
4.535949 2.917300 0.000000 0.999999 -0.001379
7.510353 1.602233 0.000000 0.937926 0.346835
7.626839 1.660114 0.000000 0.961026 0.276456
4.992716 0.120981 0.000000 0.994042 0.108993
5.105162 0.129172 0.000000 0.991825 0.127602
8.882812 0.107930 0.000000 0.999755 -0.022118
8.789062 0.045430 0.000000 0.999764 -0.021713
0.123827 5.852442 0.000000 0.999558 -0.029727
0.217577 5.914942 0.000000 0.998215 -0.059729
8.879312 5.854796 0.000000 0.999886 0.015116
8.953125 5.937500 0.000000 0.999950 0.010025
5.745255 1.113345 0.000000 0.990278 0.139101
5.644324 1.134641 0.000000 0.986049 0.166454
6.342972 5.950949 0.000000 0.999964 0.008500
6.257660 5.877558 0.000000 0.999871 -0.016043
5.421584 0.983762 0.000000 0.990287 0.139041
5.491649 1.059468 0.000000 0.984447 0.175679
5.506436 5.101507 0.000000 0.979775 -0.200100
5.445098 5.188724 0.000000 0.984740 -0.174030
0.125328 0.505420 0.000000 0.999112 0.042140
0.057687 0.442920 0.000000 0.997928 0.064345
2.445213 0.572099 0.000000 0.999015 0.044384
2.453618 0.704221 0.000000 0.998185 0.060228
2.517999 1.053081 0.000000 0.998462 0.055446
2.473027 0.950326 0.000000 0.998670 0.051556
8.116497 1.360918 0.000000 0.997956 0.063902
8.264671 1.508111 0.000000 0.987959 0.154713
0.322833 5.474387 0.000000 0.998264 -0.058895
0.392584 5.543853 0.000000 0.998680 -0.051355
6.101450 5.149446 0.000000 0.969609 -0.244660
6.027514 5.308954 0.000000 0.987045 -0.160447
4.629927 5.451682 0.000000 0.990736 -0.135802
4.677746 5.543660 0.000000 0.989186 -0.146666
2.190859 5.695496 0.000000 0.999624 -0.027412
2.079130 5.690701 0.000000 0.999736 -0.022985
0.721742 5.629427 0.000000 0.998972 -0.045321
0.593107 5.659403 0.000000 0.999195 -0.040114
2.226743 5.882906 0.000000 0.999980 -0.006290
2.244722 5.772529 0.000000 0.999824 -0.018764
4.789872 0.720007 0.000000 0.989676 0.143322
4.765919 0.829229 0.000000 0.991753 0.128162
4.670895 1.040154 0.000000 0.996114 0.088072
4.604449 1.130088 0.000000 0.996390 0.084899
8.388281 3.205379 0.000000 0.978870 0.204484
8.499452 3.222325 0.000000 0.996107 -0.088153
3.997741 0.856300 0.000000 0.998228 0.059500
3.864298 0.722605 0.000000 0.998333 0.057718
6.862317 4.500797 0.000000 0.987187 -0.159568
6.952204 4.530783 0.000000 0.912823 -0.408355
5.483180 0.169517 0.000000 0.983610 0.180307
5.406600 0.079919 0.000000 0.997955 0.063924
3.224348 5.597486 0.000000 0.999142 -0.041415
3.353503 5.541383 0.000000 0.999494 -0.031792
2.888186 5.131283 0.000000 0.999661 -0.026043
2.981410 5.174223 0.000000 0.999228 -0.039284
8.126335 1.106319 0.000000 0.997806 -0.066206
8.169125 1.194690 0.000000 0.999286 -0.037774
5.394114 1.824481 0.000000 0.999853 0.017173
5.366877 1.940399 0.000000 0.997926 -0.064369
1.172448 5.785562 0.000000 0.999269 -0.038236
1.167540 5.881815 0.000000 0.999864 -0.016481
7.989619 5.116428 0.000000 0.992206 0.124606
8.242801 5.132649 0.000000 0.990434 0.137989
0.904931 4.059692 0.000000 1.000000 0.000118
0.812653 4.049728 0.000000 0.999992 0.003999
3.097064 4.661506 0.000000 0.999978 0.006636
2.997002 4.709122 0.000000 0.996654 -0.081741
2.756811 0.133924 0.000000 0.999965 0.008311
2.683468 0.241411 0.000000 0.999797 0.020143
0.284006 3.009288 0.000000 1.000000 0.000002
0.196123 3.054036 0.000000 1.000000 0.000007
8.438730 3.023810 0.000000 0.998213 -0.059756
8.376053 3.114668 0.000000 0.999967 -0.008089
7.896121 1.852949 0.000000 0.914118 0.405448
7.815700 1.803008 0.000000 0.896317 0.443414
3.535016 0.412706 0.000000 0.998827 0.048431
3.428137 0.385624 0.000000 0.999055 0.043457
8.284231 5.030929 0.000000 0.994250 0.107087
8.393626 5.063426 0.000000 0.995610 0.093595
4.613928 0.935379 0.000000 0.993692 0.112141
4.504736 0.937610 0.000000 0.996353 0.085329
8.248975 1.411189 0.000000 0.998138 0.060993
8.364622 1.380031 0.000000 0.995803 0.091522
8.334218 1.659452 0.000000 0.996061 0.088672
8.381885 1.758335 0.000000 0.935902 0.352260
5.865180 1.360876 0.000000 0.993949 0.109842
5.815946 1.190255 0.000000 0.981684 0.190517
8.645667 1.543412 0.000000 0.995531 0.094437
8.565691 1.618497 0.000000 0.998098 0.061643
8.691459 5.442017 0.000000 0.994528 0.104468
8.640485 5.524117 0.000000 0.995794 0.091625
5.794823 5.946909 0.000000 0.999202 -0.039931
5.725264 5.872857 0.000000 0.998591 -0.053062
8.787456 1.448137 0.000000 0.999518 0.031032
8.756261 1.334562 0.000000 0.999914 -0.013140
8.665939 1.285399 0.000000 0.999128 0.041753
8.584052 1.330445 0.000000 0.999719 -0.023714
0.875106 1.589512 0.000000 0.999079 -0.042914
0.847713 1.483543 0.000000 0.999929 -0.011928
1.826621 0.800353 0.000000 0.996633 0.081988
1.906447 0.626986 0.000000 0.997534 0.070188
5.668971 1.307997 0.000000 0.991026 0.133672
5.600866 1.235044 0.000000 0.992383 0.123187
2.290493 0.801584 0.000000 0.997666 0.068281
2.373863 0.814261 0.000000 0.998675 0.051465
0.935020 5.861816 0.000000 0.999576 -0.029113
1.033678 5.765563 0.000000 0.999567 -0.029426
4.439961 5.548218 0.000000 0.993298 -0.115578
4.499675 5.452673 0.000000 0.993144 -0.116898
3.475517 5.391960 0.000000 0.998916 -0.046554
3.523881 5.294173 0.000000 0.999149 -0.041236
5.114870 5.079544 0.000000 0.990696 -0.136096
5.096811 5.187096 0.000000 0.986044 -0.166484
3.668535 1.094309 0.000000 0.999601 0.028260
3.641506 0.992134 0.000000 0.999602 0.028209
3.876441 0.812238 0.000000 0.997938 0.064188
3.760586 0.848585 0.000000 0.999120 0.041952
8.184238 0.054689 0.000000 0.997830 -0.065848
8.204044 0.152394 0.000000 0.992578 -0.121611
7.658786 4.351909 0.000000 0.946375 -0.323071
7.720150 4.283749 0.000000 0.953720 -0.300697
1.673269 4.888321 0.000000 0.996750 -0.080551
1.746907 4.813022 0.000000 0.996087 -0.088374
1.673543 5.170733 0.000000 0.996739 -0.080694
1.623687 5.077959 0.000000 0.996644 -0.081860
8.519269 3.013449 0.000000 0.995827 -0.091265
8.632093 2.777792 0.000000 0.861008 0.508591
4.574953 4.930157 0.000000 0.995983 -0.089538
4.454016 4.923871 0.000000 0.997786 -0.066501
8.146760 5.159147 0.000000 0.992365 0.123338
8.088111 5.077809 0.000000 0.991899 0.127032
0.851418 0.935720 0.000000 0.999058 0.043385
0.802804 0.849911 0.000000 0.997586 0.069449
3.870107 4.135945 0.000000 0.999998 0.002022
3.806661 4.223590 0.000000 0.999954 -0.009607
5.478302 0.656285 0.000000 0.976592 0.215099
5.580134 0.688017 0.000000 0.970431 0.241379
8.319388 5.856411 0.000000 0.994142 0.108085
8.259994 5.943142 0.000000 0.993267 0.115847
4.878543 2.671529 0.000000 0.999878 -0.015600
4.986512 2.604678 0.000000 0.999534 -0.030513
0.131069 2.406150 0.000000 1.000000 0.000043
0.054364 2.332586 0.000000 1.000000 0.000097
4.909853 3.768675 0.000000 0.999863 0.016553
5.042382 3.733975 0.000000 0.999953 0.009671
6.874113 0.045813 0.000000 0.999999 0.001251
6.949605 0.122994 0.000000 0.999953 -0.009713
8.229382 4.961759 0.000000 0.994002 0.109362
8.129304 4.982140 0.000000 0.992091 0.125524
8.861929 1.836266 0.000000 0.999285 0.037809
8.648344 1.884341 0.000000 0.998146 0.060861
6.424415 1.152079 0.000000 0.992487 0.122351
6.525928 1.234655 0.000000 0.941342 0.337453
0.123315 0.138097 0.000000 0.999357 0.035864
0.046875 0.062500 0.000000 0.996663 0.081624
7.344499 5.081330 0.000000 0.985584 0.169189
7.363789 4.954193 0.000000 0.999629 0.027219
4.840238 1.568019 0.000000 0.999572 0.029268
4.774753 1.483008 0.000000 0.999373 0.035393
4.970214 2.117851 0.000000 0.999150 -0.041213
5.017969 2.023256 0.000000 0.999901 0.014039
5.739658 4.826474 0.000000 0.980812 -0.194958
5.738959 4.722225 0.000000 0.997079 -0.076372
7.184741 1.259895 0.000000 0.995418 -0.095618
7.251791 1.171957 0.000000 0.992615 0.121305
8.268873 4.661658 0.000000 0.999021 -0.044247
8.375722 4.654084 0.000000 0.999902 -0.014008
8.059192 4.631453 0.000000 0.993148 -0.116867
7.989107 4.550445 0.000000 0.995021 -0.099665
5.533166 4.313175 0.000000 0.999933 0.011546
5.409113 4.424183 0.000000 0.999955 0.009468
6.689309 0.695593 0.000000 0.999466 0.032677
6.738229 0.790743 0.000000 0.988837 0.149000
6.564209 0.415124 0.000000 0.999812 0.019402
6.610818 0.511426 0.000000 0.999218 0.039537
7.722641 1.242793 0.000000 0.999400 -0.034629
7.616872 1.227786 0.000000 0.999663 0.025957
8.520328 0.534920 0.000000 0.988106 -0.153772
8.590719 0.490536 0.000000 0.994283 -0.106779
3.255458 1.373162 0.000000 0.998000 0.063213
3.335274 1.430516 0.000000 0.999917 0.012855
0.122197 5.631526 0.000000 0.998883 -0.047252
0.045245 5.529083 0.000000 0.998847 -0.048014
0.140651 3.327155 0.000000 1.000000 0.000029
0.048836 3.272443 0.000000 1.000000 0.000014
6.964034 0.962767 0.000000 0.998341 -0.057587
6.858686 0.926308 0.000000 0.996519 0.083370
7.207275 1.008858 0.000000 0.999621 -0.027534
7.154416 1.093064 0.000000 0.993721 -0.111884
7.245239 0.762478 0.000000 0.995202 -0.097840
7.164924 0.832822 0.000000 0.995753 -0.092070
7.639527 5.303857 0.000000 0.988619 0.150444
7.555569 5.237936 0.000000 0.992311 0.123773
5.668618 5.187550 0.000000 0.975805 -0.218643
5.600826 5.105250 0.000000 0.981011 -0.193950
7.236479 1.577652 0.000000 0.905380 0.424603
7.281236 1.651669 0.000000 0.912518 0.409037
8.117936 3.724216 0.000000 0.905259 -0.424861
7.833240 3.775270 0.000000 0.829117 -0.559074
0.049121 2.914632 0.000000 1.000000 -0.000001
0.135190 2.852132 0.000000 1.000000 -0.000012
0.266390 2.611182 0.000000 1.000000 -0.000072
0.366708 2.590717 0.000000 1.000000 -0.000276
4.472099 5.889744 0.000000 0.997603 -0.069191
4.484402 5.784173 0.000000 0.994476 -0.104961
4.428170 5.716860 0.000000 0.994767 -0.102170
4.322117 5.709842 0.000000 0.995947 -0.089945
7.484272 4.272652 0.000000 0.848258 -0.529583
7.378330 4.281163 0.000000 0.908466 -0.417959
4.035836 3.491467 0.000000 0.999993 -0.003772
3.968805 3.543041 0.000000 0.999915 -0.013050
3.842083 1.385574 0.000000 0.999797 0.020144
3.939128 1.325810 0.000000 0.999063 0.043273
0.663939 0.134104 0.000000 0.999522 0.030919
0.724761 0.047112 0.000000 0.999764 0.021742
3.536756 0.958359 0.000000 0.999421 0.034012
3.426100 0.985590 0.000000 0.999834 0.018246
5.216042 5.853555 0.000000 0.983945 -0.178472
5.298764 5.919886 0.000000 0.997622 -0.068918
6.833853 4.688089 0.000000 0.951663 -0.307144
6.759962 4.604513 0.000000 0.972780 -0.231732
1.085199 0.738266 0.000000 0.996990 0.077528
1.102840 0.654708 0.000000 0.997278 0.073730
4.129875 4.332208 0.000000 0.999802 -0.019883
4.027043 4.307266 0.000000 0.999995 -0.003268
4.367536 4.484474 0.000000 0.999772 -0.021361
4.292331 4.410039 0.000000 0.999728 -0.023304
1.237545 5.470944 0.000000 0.997812 -0.066114
1.325323 5.529955 0.000000 0.998495 -0.054847
1.136663 5.193775 0.000000 0.997758 -0.066923
1.239260 5.177971 0.000000 0.997033 -0.076974
7.366847 0.412538 0.000000 0.994522 -0.104528
7.282802 0.365047 0.000000 0.997375 -0.072408
3.738585 1.364049 0.000000 0.999262 0.038401
3.726761 1.274862 0.000000 0.999526 0.030770
2.553564 0.494911 0.000000 0.999139 0.041492
2.565964 0.407684 0.000000 0.999705 0.024276
3.717743 0.150864 0.000000 0.999511 0.031263
3.717743 0.282217 0.000000 0.998465 0.055386
1.032257 0.585839 0.000000 0.997711 0.067629
0.932622 0.551263 0.000000 0.998041 0.062565
0.631762 1.554349 0.000000 0.999800 -0.020018
0.671536 1.631116 0.000000 0.999409 -0.034377
8.440349 3.701159 0.000000 0.966685 0.255970
8.557009 3.744959 0.000000 0.935009 -0.354623
1.519768 4.780454 0.000000 0.998157 -0.060687
1.582457 4.865087 0.000000 0.998086 -0.061835
0.366275 1.071657 0.000000 0.999230 0.039228
0.425309 1.153745 0.000000 0.999961 0.008878
3.061064 5.894932 0.000000 0.999992 -0.003884
3.061064 5.789863 0.000000 0.999785 -0.020743
3.783373 0.642127 0.000000 0.997706 0.067690
3.702498 0.637996 0.000000 0.998634 0.052251
4.665306 0.051060 0.000000 0.995589 0.093823
4.789587 0.112458 0.000000 0.996338 0.085499
4.551591 4.001592 0.000000 1.000000 0.000175
4.446886 3.993922 0.000000 0.999999 -0.001437
1.351072 1.277389 0.000000 0.999706 0.024238
1.246236 1.282142 0.000000 0.999909 0.013518
1.108593 1.043544 0.000000 0.998384 0.056824
1.130407 1.130051 0.000000 0.999156 0.041081
7.248896 0.104136 0.000000 0.999650 -0.026460
7.353826 0.103422 0.000000 0.999248 -0.038768
8.490569 1.780730 0.000000 0.979643 0.200746
8.585734 1.708420 0.000000 0.975928 0.218094
3.994843 4.981841 0.000000 0.999118 -0.041994
4.071770 5.034252 0.000000 0.998249 -0.059157
5.596576 4.665987 0.000000 0.994395 -0.105731
5.497945 4.694824 0.000000 0.997210 -0.074645
2.087263 1.195253 0.000000 0.995666 0.093002
2.137983 1.117765 0.000000 0.996266 0.086336
0.399468 2.494103 0.000000 1.000000 -0.000314
0.381657 2.391548 0.000000 1.000000 -0.000272
0.439613 2.072121 0.000000 1.000000 -0.000026
0.452781 2.175375 0.000000 1.000000 -0.000011
8.137201 4.437627 0.000000 0.993349 -0.115140
8.036574 4.453865 0.000000 0.974775 -0.223190
0.510213 5.311093 0.000000 0.997644 -0.068606
0.527067 5.114952 0.000000 0.998630 -0.052325
3.677703 5.373592 0.000000 0.998511 -0.054552
3.650074 5.299074 0.000000 0.998424 -0.056124
1.257947 1.812724 0.000000 0.999978 -0.006699
1.328470 1.887904 0.000000 0.999999 -0.001640
4.151125 3.336276 0.000000 0.999945 -0.010482
4.138632 3.477581 0.000000 0.999985 0.005515
1.791555 0.353112 0.000000 0.999162 0.040924
1.878730 0.301742 0.000000 0.999562 0.029579
1.695949 0.647833 0.000000 0.997318 0.073189
1.678289 0.548202 0.000000 0.998235 0.059388
3.212799 5.140387 0.000000 0.999906 -0.013675
3.300694 5.217286 0.000000 0.998886 -0.047178
3.984113 2.285096 0.000000 0.999875 0.015797
4.100968 2.109908 0.000000 0.999967 0.008173
6.790595 1.003195 0.000000 0.999301 0.037386
6.798797 1.106295 0.000000 0.975079 0.221857
6.876440 1.151994 0.000000 0.996390 0.084889
6.978986 1.138532 0.000000 0.992480 -0.122407
6.813380 1.322278 0.000000 0.984143 0.177375
6.795779 1.424195 0.000000 0.991001 0.133853
2.115555 0.604183 0.000000 0.998000 0.063211
2.187969 0.677903 0.000000 0.998251 0.059121
1.796959 5.551269 0.000000 0.998940 -0.046032
1.888100 5.587017 0.000000 0.998967 -0.045433
4.216006 4.823040 0.000000 0.998606 -0.052777
4.121845 4.746889 0.000000 0.999248 -0.038781
8.507010 4.791806 0.000000 0.999971 -0.007558
8.459430 4.878037 0.000000 0.999999 -0.001452
5.509963 1.248815 0.000000 0.994530 0.104455
5.447573 1.330962 0.000000 0.994632 0.103473
7.967096 5.525995 0.000000 0.984523 0.175258
8.062172 5.499963 0.000000 0.985952 0.167029
5.227352 4.224853 0.000000 0.999964 -0.008534
5.283254 4.301843 0.000000 1.000000 -0.000210
6.008363 0.311309 0.000000 0.997799 0.066316
6.035700 0.410705 0.000000 0.992244 0.124304
6.334663 5.201334 0.000000 0.929918 -0.367767
6.265153 5.277444 0.000000 0.951683 -0.307081
1.028808 0.879484 0.000000 0.998166 0.060534
1.129209 0.942619 0.000000 0.998274 0.058736
7.932732 3.706199 0.000000 0.973525 -0.228582
7.985352 3.779534 0.000000 0.919423 -0.393271
8.716649 0.337772 0.000000 0.997580 -0.069527
8.754701 0.429881 0.000000 0.994950 -0.100369
5.834646 4.465857 0.000000 0.995453 0.095256
5.795077 4.560693 0.000000 0.999978 0.006700
6.020367 0.715731 0.000000 0.956612 0.291363
6.099973 0.664570 0.000000 0.978027 0.208476
0.664184 5.214037 0.000000 0.998080 -0.061945
0.670463 5.316591 0.000000 0.998222 -0.059611
8.424504 5.274134 0.000000 0.988982 0.148033
8.326475 5.295254 0.000000 0.992019 0.126088
3.142321 5.527803 0.000000 0.999214 -0.039632
3.045873 5.520639 0.000000 0.999540 -0.030313
0.052907 1.058128 0.000000 0.999863 0.016544
0.146328 1.019451 0.000000 0.999433 0.033678
4.288142 5.189139 0.000000 0.995035 -0.099527
4.358383 5.356734 0.000000 0.996018 -0.089154
8.435879 0.684338 0.000000 0.982876 -0.184271
8.400048 0.780293 0.000000 0.992596 -0.121461
8.450348 0.853743 0.000000 0.994226 -0.107303
8.548290 0.883719 0.000000 0.995415 -0.095651
8.860481 2.867141 0.000000 0.941647 -0.336602
8.941458 2.929641 0.000000 0.181587 0.983375
8.700182 3.228066 0.000000 0.998849 -0.047963
8.644907 3.314166 0.000000 0.845517 -0.533948
8.222140 5.587637 0.000000 0.989620 0.143711
8.281534 5.659574 0.000000 0.991844 0.127454
8.676865 2.943132 0.000000 0.748239 0.663430
8.557238 2.920383 0.000000 0.999083 0.042811
8.789595 2.687225 0.000000 0.634196 0.773173
8.870571 2.624725 0.000000 0.993848 0.110756
1.405986 1.431480 0.000000 0.999066 -0.043199
1.404594 1.329199 0.000000 0.999845 0.017603
1.487246 1.743765 0.000000 0.999134 -0.041603
1.445960 1.650177 0.000000 0.999087 -0.042725
1.368879 1.606875 0.000000 0.998184 -0.060237
1.268742 1.627753 0.000000 0.998135 -0.061042
0.375459 3.463819 0.000000 1.000000 0.000279
0.457148 3.564359 0.000000 1.000000 0.000861
3.333171 4.735879 0.000000 0.999689 -0.024955
3.248230 4.792799 0.000000 0.999298 -0.037461
5.163726 4.750471 0.000000 0.996778 -0.080205
5.156677 4.852339 0.000000 0.993921 -0.110092
4.092141 2.196158 0.000000 0.999939 0.011086
4.188317 2.230322 0.000000 0.999987 0.005107
7.751134 4.073455 0.000000 0.888664 -0.458560
7.651059 4.093383 0.000000 0.868480 -0.495723
8.673385 0.140821 0.000000 0.997295 -0.073510
8.695312 0.045430 0.000000 0.999481 -0.032218
8.267034 4.289222 0.000000 0.979328 -0.202277
8.314569 4.199055 0.000000 0.942781 -0.333412
4.024747 5.236751 0.000000 0.996751 -0.080540
4.089755 5.170129 0.000000 0.998091 -0.061766
8.080386 2.566243 0.000000 0.991328 -0.131407
8.011925 2.637628 0.000000 0.999913 0.013224
4.973673 5.846740 0.000000 0.991788 -0.127894
5.026653 5.933669 0.000000 0.997542 -0.070070
1.202649 4.866357 0.000000 0.999274 -0.038097
1.149620 4.802884 0.000000 0.999162 -0.040942
3.499298 1.191122 0.000000 0.999927 0.012106
3.599780 1.158353 0.000000 0.999739 0.022862
7.094423 1.486192 0.000000 0.948545 0.316643
7.182444 1.426434 0.000000 0.980128 0.198368
5.354449 4.858251 0.000000 0.990651 -0.136420
5.384219 4.785767 0.000000 0.995689 -0.092756
